1.1	0	(	PUNCT	Df		(	dep	7
1.1	1	(	PUNCT	Pp		(	cc	7
1.1	2	1	ADV	Df		1	discourse	7
1.1	3	)	ADV	Z		)	discourse	2
1.1	4	)	ADV	Z		)	discourse	7
1.1	5	δισσοὶ	ADJ	A-	Case=Nom|Degree=Pos|Gender=Masc|Number=Plur	δισσός	amod	6
1.1	6	λόγοι	NOUN	Nb	Case=Nom|Gender=Masc|Number=Plur	λόγος	nsubj:pass	7
1.1	7	λέγονται	VERB	V-	Mood=Ind|Number=Plur|Person=3|Tense=Pres|VerbForm=Fin|Voice=Pass	λέγω	ROOT	7
1.1	8	ἐν	ADP	R-		ἐν	case	10
1.1	9	τᾶι	DET	Px	Case=Dat|Definite=Def|Gender=Fem|Number=Plur|PronType=Dem	ὁ	det	10
1.1	10	Ἑλλάδι	PROPN	Ne	Case=Dat|Gender=Fem|Number=Sing	Ἑλλάς	obl	7
1.1	11	ὑπὸ	ADP	R-		ὑπό	case	13
1.1	12	τῶν	DET	S-	Case=Gen|Definite=Def|Gender=Masc|Number=Plur|PronType=Dem	ὁ	det	13
1.1	13	φιλοσοφούντων	VERB	V-	Case=Gen|Gender=Masc|Number=Plur|Tense=Pres|VerbForm=Part|Voice=Act	φιλοσοφέω	obl:agent	7
1.1	14	περὶ	ADP	R-		περί	case	16
1.1	15	τῶ	DET	S-	Case=Dat|Definite=Def|Gender=Masc,Neut|Number=Sing|PronType=Dem	ὁ	det	16
1.1	16	ἀγαθῶ	ADJ	A-	Case=Dat|Degree=Pos|Gender=Neut|Number=Sing	ἀγαθός	obl	7
1.1	17	καὶ	CCONJ	C-		καί	cc	16
1.1	18	τῶ	DET	S-	Case=Dat|Definite=Def|Gender=Masc,Neut|Number=Sing|PronType=Dem	ὁ	det	19
1.1	19	κακῶ	ADJ	A-	Case=Dat|Degree=Pos|Gender=Neut|Number=Sing	κακῶ	conj	16
1.1	20	.	PUNCT	Z		.	punct	7
1.1	21	τοὶ	PRON	Pp	Case=Dat|Gender=Masc|Number=Sing|Person=2|PronType=Prs	σύ	iobj	24
1.1	22	μὲν	ADV	Df		μέν	discourse	24
1.1	23	γὰρ	ADV	Df		γάρ	discourse	24
1.1	24	λέγοντι	VERB	V-	Case=Dat|Gender=Masc|Number=Sing|Tense=Pres|VerbForm=Part|Voice=Act	λέγω	ROOT	24
1.1	25	,	PUNCT	Z		,	punct	24
1.1	26	ὡς	SCONJ	G-		ὡς	mark	27
1.1	27	ἄλλο	ADJ	A-	Case=Nom|Gender=Neut|Number=Sing	ἄλλος	ROOT	27
1.1	28	μέν	ADV	Df		μέν	discourse	27
1.1	29	εστι	AUX	V-	Mood=Ind|Number=Sing|Person=3|Tense=Pres|VerbForm=Fin|Voice=Act	ειμι	cop	27
1.1	30	τὸ	DET	S-	Case=Nom|Definite=Def|Gender=Neut|Number=Sing|PronType=Dem	ὁ	det	31
1.1	31	ἀγαθόν	ADJ	A-	Case=Nom|Degree=Pos|Gender=Neut|Number=Sing	ἀγαθός	nsubj	27
1.1	32	,	PUNCT	Z		,	cop	27
1.1	33	ἄλλο	ADJ	Px	Case=Nom|Gender=Neut|Number=Sing	ἄλλος	conj	27
1.1	34	δὲ	ADV	Df		δέ	discourse	33
1.1	35	τὸ	DET	S-	Case=Nom|Definite=Def|Gender=Neut|Number=Sing|PronType=Dem	ὁ	det	36
1.1	36	κακόν	ADJ	A-	Case=Nom|Degree=Pos|Gender=Neut|Number=Sing	κακός	nsubj	33
1.1	37	·	PUNCT	Z		·	punct	27
1.1	38	τοὶ	PRON	Pp	Case=Dat|Gender=Masc|Number=Sing|Person=2|PronType=Prs	σύ	dep	40
1.1	39	δέ	ADV	Df		δέ	discourse	38
1.1	40	,	PUNCT	Z		,	ROOT	40
1.1	41	ὡς	SCONJ	G-		ὡς	mark	43
1.1	42	τὸ	DET	S-	Case=Nom|Definite=Def|Gender=Neut|Number=Sing|PronType=Dem	ὁ	det	43
1.1	43	αὐτό	ADJ	Pd	Case=Nom|Gender=Neut|Number=Sing	αὐτός	csubj:pass	40
1.1	44	ἐστι	AUX	V-	Mood=Ind|Number=Sing|Person=3|Tense=Pres|VerbForm=Fin|Voice=Act	εἰμί	cop	43
1.1	45	,	PUNCT	Z		,	dep	40
1.1	46	καὶ	CCONJ	C-		καί	cc	49
1.1	47	τοῖς	PRON	Pp	Case=Dat|Gender=Masc|Number=Plur|Person=3|PronType=Prs	ὁ	iobj	49
1.1	48	μὲν	ADV	Df		μέν	discourse	47
1.1	49	ἀγαθὸν	ADJ	A-	Case=Nom|Degree=Pos|Gender=Neut|Number=Sing	ἀγαθός	ROOT	49
1.1	50	εἴη	AUX	V-	Mood=Opt|Number=Sing|Person=3|Tense=Pres|VerbForm=Fin|Voice=Act	εἰμί	cop	49
1.1	51	,	PUNCT	Z		,	cc	49
1.1	52	τοῖς	PRON	Pp	Case=Dat|Gender=Masc|Number=Plur|Person=3|PronType=Prs	ὁ	orphan	54
1.1	53	δὲ	ADV	Df		δέ	discourse	52
1.1	54	κακόν	ADJ	A-	Case=Nom|Degree=Pos|Gender=Neut|Number=Sing	κακός	conj	49
1.1	55	,	PUNCT	Z		,	ROOT	55
1.1	56	καὶ	CCONJ	C-		καί	cc	62
1.1	57	τῶι	DET	S-	Case=Dat|Definite=Def|Gender=Masc,Neut|Number=Sing|PronType=Dem	τῷ	det	59
1.1	58	αὐτῶι	DET	Pd	Case=Dat|Gender=Masc,Neut|Number=Sing	αὐτῶι	det	59
1.1	59	ἀνθρώπωι	NOUN	Nb	Case=Dat|Gender=Masc|Number=Sing	ἀνθρώπωι	iobj	62
1.1	60	τοτὲ	ADV	Df		τοτέ	advmod	62
1.1	61	μὲν	ADV	Df		μέν	discourse	62
1.1	62	ἀγαθόν	ADJ	A-	Case=Nom|Degree=Pos|Gender=Neut|Number=Sing	ἀγαθός	ROOT	62
1.1	63	,	PUNCT	Z		,	punct	62
1.1	64	τοτὲ	ADV	Df		τοτέ	advmod	66
1.1	65	δὲ	ADV	Df		δέ	discourse	66
1.1	66	κακόν	ADJ	A-	Case=Nom|Degree=Pos|Gender=Neut|Number=Sing	κακός	ROOT	66
1.1	67	.	PUNCT	Z		.	ROOT	67
1.2	0	(	PUNCT	Df		(	ROOT	0
1.2	1	(	PUNCT	Pk		(	ROOT	1
1.2	2	2	ADV	Df		2	ROOT	2
1.2	3	)	ADV	Z		)	dep	2
1.2	4	)	CCONJ	Z		)	dislocated	2
1.2	5	ἐγὼ	PRON	Pp	Case=Nom|Gender=Masc|Number=Sing|Person=1|PronType=Prs	ἐγώ	nsubj	10
1.2	6	δὲ	ADV	Df		δέ	discourse	10
1.2	7	καὶ	ADV	Df		καί	advmod	8
1.2	8	αὐτὸς	ADJ	Pd	Case=Nom|Gender=Masc|Number=Sing	αὐτός	nsubj	10
1.2	9	τοῖσδε	ADJ	Pd	Case=Dat|Gender=Neut|Number=Plur	ὅδε	iobj	10
1.2	10	ποτιτίθεμαι	VERB	V-	Mood=Ind|Number=Sing|Person=1|Tense=Pres|VerbForm=Fin|Voice=Mid	ποστιτίθεμαι	conj	2
1.2	11	·	PUNCT	Z		·	punct	2
1.2	12	σκέψομαι	VERB	V-	Mood=Ind|Number=Sing|Person=1|Tense=Fut|VerbForm=Fin|Voice=Mid	σκοπέω	ROOT	12
1.2	13	δὲ	ADV	Df		δέ	discourse	12
1.2	14	ἐκ	ADP	R-		ἐκ	case	17
1.2	15	τῶ	DET	S-	Case=Dat|Definite=Def|Gender=Masc|Number=Sing|PronType=Dem	ὁ	det	17
1.2	16	ἀνθρωπίνω	ADJ	A-	Case=Dat|Degree=Pos|Gender=Masc|Number=Sing	ἀνθρωπίνω	amod	17
1.2	17	βίω	NOUN	Nb	Case=Dat|Gender=Masc|Number=Sing	βίος	obl	12
1.2	18	,	PUNCT	Z		,	advcl	12
1.2	19	ὧι	PRON	Pr	Case=Dat|Gender=Masc|Number=Sing|PronType=Rel	ὅς	iobj	20
1.2	20	ἐπιμελὲς	ADJ	A-	Case=Nom|Degree=Pos|Gender=Neut|Number=Sing	ἐπιμελής	ROOT	20
1.2	21	βρώσιός	NOUN	Nb	Case=Gen|Gender=Fem|Number=Sing	βρώσιός	nmod	20
1.2	22	τε	CCONJ	C-		τε	cc	21
1.2	23	καὶ	CCONJ	C-		καί	cc	21
1.2	24	πόσιος	NOUN	Nb	Case=Gen|Gender=Fem|Number=Sing	πόσις	conj	21
1.2	25	καὶ	CCONJ	C-		καί	cc	21
1.2	26	ἀφροδισίων	NOUN	Nb	Case=Gen|Gender=Neut|Number=Plur	Ἀφροδίσιος	conj	21
1.2	27	·	PUNCT	Z		·	ROOT	27
1.2	28	ταῦτα	ADJ	Pd	Case=Nom|Gender=Neut|Number=Plur	οὗτος	nsubj	32
1.2	29	γὰρ	ADV	Df		γάρ	discourse	32
1.2	30	ἀσθενοῦντι	VERB	V-	Case=Dat|Gender=Masc|Number=Sing|Tense=Pres|VerbForm=Part|Voice=Act	ἀσθενόω	advcl	32
1.2	31	μὲν	ADV	Df		μέν	discourse	30
1.2	32	κακόν	ADJ	A-	Case=Nom|Degree=Pos|Gender=Neut|Number=Sing	κακός	ROOT	32
1.2	33	,	PUNCT	Z		,	punct	32
1.2	34	ὑγιαίνοντι	VERB	V-	Case=Dat|Gender=Masc|Number=Sing|Tense=Pres|VerbForm=Part|Voice=Act	ὑγιαίνω	advcl	38
1.2	35	δὲ	ADV	Df		δέ	discourse	34
1.2	36	καὶ	CCONJ	C-		καί	cc	34
1.2	37	δεομένωι	VERB	V-	Case=Dat|Gender=Masc|Number=Sing|Tense=Pres|VerbForm=Part|Voice=Mid	δεομένωι	conj	34
1.2	38	ἀγαθόν	ADJ	A-	Case=Nom|Degree=Pos|Gender=Neut|Number=Sing	ἀγαθός	ROOT	38
1.2	39	.	PUNCT	Z		.	punct	38
1.3	0	(	PUNCT	Df		(	ROOT	0
1.3	1	(	PUNCT	Df		(	ROOT	1
1.3	2	3	ADV	Df		3	advcl	12
1.3	3	)	ADV	Z		)	discourse	2
1.3	4	)	ADV	Z		)	dep	2
1.3	5	καὶ	CCONJ	C-		καί	cc	2
1.3	6	ἀκρασία	NOUN	Nb	Case=Nom|Gender=Fem|Number=Sing	ἀκρασία	conj	2
1.3	7	τοίνυν	ADV	Df		τοίνυν	discourse	12
1.3	8	τούτων	ADJ	Pd	Case=Gen|Gender=Neut|Number=Plur	οὗτος	nmod	12
1.3	9	τοῖς	DET	S-	Case=Dat|Definite=Def|Gender=Masc|Number=Plur|PronType=Dem	ὁ	det	11
1.3	10	μὲν	ADV	Df		μέν	discourse	12
1.3	11	ἀκρατέσι	ADJ	A-	Case=Dat|Degree=Pos|Gender=Masc|Number=Plur	ἀκρατής	iobj	12
1.3	12	κακόν	ADJ	A-	Case=Nom|Degree=Pos|Gender=Neut|Number=Sing	κακός	ROOT	12
1.3	13	,	PUNCT	Z		,	punct	12
1.3	14	τοῖς	DET	S-	Case=Dat|Definite=Def|Gender=Masc|Number=Plur|PronType=Dem	ὁ	det	16
1.3	15	δὲ	ADV	Df		δέ	discourse	20
1.3	16	πωλεῦντι	VERB	V-	Case=Dat|Gender=Masc|Number=Sing|Tense=Pres|VerbForm=Part|Voice=Act	πωλεῦντι	iobj	20
1.3	17	ταῦτα	ADJ	Pd	Case=Acc|Gender=Neut|Number=Plur	οὗτος	obj	16
1.3	18	καὶ	CCONJ	C-		καί	cc	16
1.3	19	μισθαρνέοντι	VERB	V-	Case=Dat|Gender=Masc|Number=Sing|Tense=Pres|VerbForm=Part|Voice=Act	μισθαρνέω	conj	16
1.3	20	ἀγαθόν	ADJ	A-	Case=Nom|Degree=Pos|Gender=Neut|Number=Sing	ἀγαθός	ROOT	20
1.3	21	.	PUNCT	Z		.	punct	20
1.3	22	νόσος	NOUN	Nb	Case=Nom|Gender=Fem|Number=Sing	νόσος	nsubj	27
1.3	23	τοίνυν	ADV	Df		τοίνυν	discourse	27
1.3	24	τοῖς	DET	S-	Case=Dat|Definite=Def|Gender=Masc|Number=Plur|PronType=Dem	ὁ	det	27
1.3	25	μὲν	ADV	Df		μέν	discourse	27
1.3	26	ἀσθενεῦντι	VERB	V-	Case=Dat|Gender=Masc|Number=Sing|Tense=Pres|VerbForm=Part|Voice=Act	ἀσθενεῦντι	obl	27
1.3	27	κακόν	ADJ	A-	Case=Nom|Degree=Pos|Gender=Neut|Number=Sing	κακός	ROOT	27
1.3	28	,	PUNCT	Z		,	punct	27
1.3	29	τοῖς	DET	S-	Case=Dat|Definite=Def|Gender=Masc|Number=Plur|PronType=Dem	ὁ	det	32
1.3	30	δὲ	ADV	Df		δέ	discourse	32
1.3	31	ἰατροῖς	NOUN	Nb	Case=Dat|Gender=Masc|Number=Plur	ἰατρός	orphan	32
1.3	32	ἀγαθόν	ADJ	A-	Case=Nom|Degree=Pos|Gender=Neut|Number=Sing	ἀγαθός	ROOT	32
1.3	33	.	PUNCT	Z		.	punct	32
1.3	34	ὁ	DET	S-	Case=Nom|Definite=Def|Gender=Masc|Number=Sing|PronType=Dem	ὁ	det	36
1.3	35	τοίνυν	ADV	Df		τοίνυν	discourse	40
1.3	36	θάνατος	NOUN	Nb	Case=Nom|Gender=Masc|Number=Sing	θάνατος	nsubj	40
1.3	37	τοῖς	DET	S-	Case=Dat|Definite=Def|Gender=Masc|Number=Plur|PronType=Dem	ὁ	det	40
1.3	38	μὲν	ADV	Df		μέν	discourse	40
1.3	39	ἀποθανοῦσι	VERB	V-	Aspect=Perf|Case=Dat|Gender=Masc|Number=Plur|Tense=Past|VerbForm=Part|Voice=Act	ἀποθνῄσκω	obl	40
1.3	40	κακόν	ADJ	A-	Case=Nom|Degree=Pos|Gender=Neut|Number=Sing	κακός	ROOT	40
1.3	41	,	PUNCT	Z		,	punct	40
1.3	42	τοῖς	DET	S-	Case=Dat|Definite=Def|Gender=Masc|Number=Plur|PronType=Dem	ὁ	det	47
1.3	43	δ’	ADV	Df		δ’	discourse	47
1.3	44	ἐνταφιοπώλαις	NOUN	Nb	Case=Dat|Gender=Masc|Number=Plur	ἐνταφιοπώλα	obl	47
1.3	45	καὶ	CCONJ	C-		καί	cc	44
1.3	46	τυμβοποιοῖς	NOUN	Nb	Case=Dat|Gender=Masc|Number=Plur	τυμβοποιός	conj	44
1.3	47	ἀγαθόν	ADJ	A-	Case=Nom|Degree=Pos|Gender=Neut|Number=Sing	ἀγαθός	ROOT	47
1.3	48	.	PUNCT	Z		.	punct	47
1.4	0	(	PUNCT	Pp		(	ROOT	0
1.4	1	(	PUNCT	Pk		(	ROOT	1
1.4	2	4	ADV	Df		4	dep	1
1.4	3	)	ADV	Z		)	discourse	2
1.4	4	)	ADV	Z		)	discourse	2
1.4	5	γεωργία	NOUN	Nb	Case=Nom|Gender=Fem|Number=Sing	γεωργία	dep	1
1.4	6	τε	CCONJ	C-		τε	cc	14
1.4	7	καλῶς	ADV	Df	Degree=Pos	καλῶς	advmod	8
1.4	8	ἐξενείκασα	VERB	V-	Aspect=Perf|Case=Nom|Gender=Fem|Number=Sing|Tense=Past|VerbForm=Part|Voice=Act	ἐξενείκασα	conj	14
1.4	9	τὼς	DET	S-	Case=Acc|Definite=Def|Gender=Masc|Number=Plur|PronType=Dem	τώς	det	10
1.4	10	καρπὼς	NOUN	Nb	Case=Acc|Gender=Masc|Number=Plur	καρπὼς	obj	8
1.4	11	τοῖς	DET	S-	Case=Dat|Definite=Def|Gender=Masc|Number=Plur|PronType=Dem	ὁ	det	13
1.4	12	μὲν	ADV	Df		μέν	discourse	13
1.4	13	γεωργοῖς	NOUN	Nb	Case=Dat|Gender=Masc|Number=Plur	γεωργός	iobj	14
1.4	14	ἀγαθόν	ADJ	A-	Case=Nom|Degree=Pos|Gender=Neut|Number=Sing	ἀγαθός	conj	1
1.4	15	,	PUNCT	Z		,	ccomp	14
1.4	16	τοῖς	DET	S-	Case=Dat|Definite=Def|Gender=Masc|Number=Plur|PronType=Dem	ὁ	det	18
1.4	17	δὲ	ADV	Df		δέ	discourse	18
1.4	18	ἐμπόροις	NOUN	Nb	Case=Dat|Gender=Masc|Number=Plur	ἔμπορος	orphan	19
1.4	19	κακόν	ADJ	A-	Case=Nom|Degree=Pos|Gender=Neut|Number=Sing	κακός	conj	14
1.4	20	.	PUNCT	Z		.	punct	1
1.4	21	τὰς	DET	S-	Case=Acc|Definite=Def|Gender=Fem|Number=Plur|PronType=Dem	ὁ	det	30
1.4	22	τοίνυν	ADV	Df		τοίνυν	discourse	30
1.4	23	ὁλκάδας	NOUN	Nb	Case=Acc|Gender=Fem|Number=Sing	ὁλκάς	nsubj:pass	24
1.4	24	συντρίβεσθαι	VERB	V-	Tense=Pres|VerbForm=Inf|Voice=Pass	συντρίβεσθαι	ccomp	30
1.4	25	καὶ	CCONJ	C-		καί	cc	24
1.4	26	παραθραύεσθαι	VERB	V-	Tense=Pres|VerbForm=Inf|Voice=Pass	παραθραύω	conj	24
1.4	27	τῶι	DET	S-	Case=Dat|Definite=Def|Gender=Masc|Number=Sing|PronType=Dem	τῷ	det	29
1.4	28	μὲν	ADV	Df		μέν	discourse	29
1.4	29	ναυκλήρωι	NOUN	Nb	Case=Dat|Gender=Masc|Number=Sing	ναυκλήρωι	obl	24
1.4	30	κακόν	ADJ	A-	Case=Nom|Degree=Pos|Gender=Neut|Number=Sing	κακός	ROOT	30
1.4	31	,	PUNCT	Z		,	dep	30
1.4	32	τοῖς	DET	S-	Case=Dat|Definite=Def|Gender=Masc|Number=Plur|PronType=Dem	ὁ	det	35
1.4	33	δὲ	ADV	Df		δέ	discourse	35
1.4	34	ναυπαγοῖς	NOUN	Nb	Case=Dat|Gender=Masc|Number=Plur	ναυπαγός	orphan	35
1.4	35	ἀγαθόν	ADJ	A-	Case=Nom|Degree=Pos|Gender=Neut|Number=Sing	ἀγαθός	ROOT	35
1.4	36	.	PUNCT	Z		.	punct	35
1.5	0	(	PUNCT	Df		(	ROOT	0
1.5	1	(	PUNCT	Pk	Case=Nom|Gender=Masc|Number=Sing	(	nsubj	19
1.5	2	5	ADV	Df		5	discourse	1
1.5	3	)	ADV	Z		)	discourse	2
1.5	4	)	ADV	Z		)	dep	1
1.5	5	ἔτι	ADV	Df		ἔτι	discourse	19
1.5	6	〈	ADV	Df		〈	dep	19
1.5	7	δὲ	ADV	Df		δέ	discourse	19
1.5	8	〉	ADV	Df		〉	dep	19
1.5	9	τὸν	DET	S-	Case=Acc|Definite=Def|Gender=Masc|Number=Sing|PronType=Dem	ὁ	det	10
1.5	10	σίδαρον	NOUN	Nb	Case=Acc|Gender=Masc|Number=Sing	σίδαρος	nsubj:pass	11
1.5	11	κατέσθεσθαι	VERB	V-	Tense=Pres|VerbForm=Inf|Voice=Pass	κατέσθνυμι	ccomp	19
1.5	12	καὶ	CCONJ	C-		καί	cc	11
1.5	13	ἀμβλύνεσθαι	VERB	V-	Tense=Pres|VerbForm=Inf|Voice=Pass	ἀμβλύνω	conj	11
1.5	14	καὶ	CCONJ	C-		καί	cc	11
1.5	15	συντρίβεσθαι	VERB	V-	Tense=Pres|VerbForm=Inf|Voice=Pass	συντρίβεσθαι	conj	11
1.5	16	τοῖς	DET	S-	Case=Dat|Definite=Def|Gender=Masc|Number=Plur|PronType=Dem	ὁ	det	19
1.5	17	μὲν	ADV	Df		μέν	discourse	19
1.5	18	ἄλλοις	ADJ	Px	Case=Dat|Gender=Masc|Number=Plur	ἄλλος	iobj	19
1.5	19	κακόν	ADJ	A-	Case=Nom|Degree=Pos|Gender=Neut|Number=Sing	κακός	ROOT	19
1.5	20	,	PUNCT	Z		,	ccomp	19
1.5	21	τῶι	DET	S-	Case=Dat|Definite=Def|Gender=Masc,Neut|Number=Sing|PronType=Dem	τῷ	det	24
1.5	22	δὲ	ADV	Df		δέ	discourse	24
1.5	23	χαλκῆι	ADJ	A-	Case=Dat|Degree=Pos|Gender=Fem|Number=Sing	χαλκεύς	orphan	24
1.5	24	ἀγαθόν	ADJ	A-	Case=Nom|Degree=Pos|Gender=Neut|Number=Sing	ἀγαθός	conj	19
1.5	25	.	PUNCT	Z		.	punct	19
1.5	26	καὶ	CCONJ	C-		καί	cc	34
1.5	27	μὰν	ADV	Df		μήν	advmod	30
1.5	28	τὸν	DET	S-	Case=Acc|Definite=Def|Gender=Masc|Number=Sing|PronType=Dem	ὁ	det	29
1.5	29	κέραμον	NOUN	Nb	Case=Acc|Gender=Masc|Number=Sing	κέραμος	nsubj:pass	30
1.5	30	παραθραύεσθαι	VERB	V-	Tense=Pres|VerbForm=Inf|Voice=Pass	παραθραύω	ccomp	34
1.5	31	τοῖς	DET	S-	Case=Dat|Definite=Def|Gender=Masc|Number=Plur|PronType=Dem	ὁ	det	27
1.5	32	μὲν	ADV	Df		μέν	discourse	34
1.5	33	ἄλλοις	ADJ	Px	Case=Dat|Gender=Masc|Number=Plur	ἄλλος	iobj	34
1.5	34	κακόν	ADJ	A-	Case=Nom|Degree=Pos|Gender=Neut|Number=Sing	κακός	ROOT	34
1.5	35	,	PUNCT	Z		,	ccomp	34
1.5	36	τοῖς	DET	S-	Case=Dat|Definite=Def|Gender=Masc|Number=Plur|PronType=Dem	ὁ	det	39
1.5	37	δὲ	ADV	Df		δέ	discourse	39
1.5	38	κεραμεῦσιν	ADJ	A-	Case=Dat|Degree=Pos|Gender=Masc|Number=Plur	κεραμεῦσις	orphan	39
1.5	39	ἀγαθόν	ADJ	A-	Case=Nom|Degree=Pos|Gender=Neut|Number=Sing	ἀγαθός	ROOT	39
1.5	40	.	PUNCT	Z		.	punct	39
1.5	41	τὰ	DET	S-	Case=Acc|Definite=Def|Gender=Neut|Number=Plur|PronType=Dem	ὁ	det	50
1.5	42	δὲ	ADV	Df		δέ	discourse	50
1.5	43	ὑποδήματα	NOUN	Nb	Case=Acc|Gender=Neut|Number=Plur	ὑπόδημα	nsubj:pass	44
1.5	44	κατατρίβεσθαι	VERB	V-	Tense=Pres|VerbForm=Inf|Voice=Pass	κατατρίβω	ccomp	50
1.5	45	καὶ	CCONJ	C-		καί	cc	44
1.5	46	διαρρήγνυσθαι	VERB	V-	Tense=Pres|VerbForm=Inf|Voice=Pass	διαρρήγνυσθαι	conj	44
1.5	47	τοῖς	DET	S-	Case=Dat|Definite=Def|Gender=Masc|Number=Plur|PronType=Dem	ὁ	det	49
1.5	48	μὲν	ADV	Df		μέν	discourse	50
1.5	49	ἄλλοις	ADJ	Px	Case=Dat|Degree=Pos|Gender=Masc|Number=Plur	ἄλλος	iobj	50
1.5	50	κακόν	ADJ	A-	Case=Nom|Degree=Pos|Gender=Neut|Number=Sing	κακός	ROOT	50
1.5	51	,	PUNCT	Z		,	dep	50
1.5	52	τῶι	DET	S-	Case=Dat|Definite=Def|Gender=Masc,Neut|Number=Sing|PronType=Dem	τῷ	det	55
1.5	53	δὲ	ADV	Df		δέ	discourse	55
1.5	54	σκυτῆι	NOUN	Nb	Case=Dat|Gender=Masc|Number=Sing	σκυτῆι	orphan	55
1.5	55	ἀγαθόν	ADJ	A-	Case=Nom|Degree=Pos|Gender=Neut|Number=Sing	ἀγαθός	ROOT	55
1.5	56	.	PUNCT	Z		.	punct	55
1.6	0	(	PUNCT	Pp		(	dep	1
1.6	1	(	PUNCT	Pk		(	ROOT	1
1.6	2	6	ADV	Df		6	discourse	1
1.6	3	)	ADV	Z		)	cc	1
1.6	4	)	ADV	Z		)	discourse	1
1.6	5	ἐν	ADP	R-		ἐν	case	8
1.6	6	τοίνυν	ADV	Df		τοίνυν	discourse	8
1.6	7	τοῖς	DET	S-	Case=Dat|Definite=Def|Gender=Masc|Number=Plur|PronType=Dem	ὁ	det	8
1.6	8	ἀγῶσι	NOUN	Nb	Case=Dat|Gender=Masc|Number=Plur	ἀγών	conj	1
1.6	9	τοῖς	DET	S-	Case=Dat|Definite=Def|Gender=Masc|Number=Plur|PronType=Dem	ὁ	det	10
1.6	10	γυμνικοῖς	ADJ	A-	Case=Dat|Degree=Pos|Gender=Masc|Number=Plur	γυμνικός	nmod	8
1.6	11	καὶ	CCONJ	C-		καί	cc	10
1.6	12	τοῖς	DET	S-	Case=Dat|Definite=Def|Gender=Masc|Number=Plur|PronType=Dem	ὁ	det	13
1.6	13	μωσικοῖς	ADJ	A-	Case=Dat|Degree=Pos|Gender=Masc|Number=Plur	μωσικός	conj	10
1.6	14	καὶ	CCONJ	C-		καί	cc	10
1.6	15	τοῖς	DET	S-	Case=Dat|Definite=Def|Gender=Masc|Number=Plur|PronType=Dem	ὁ	det	16
1.6	16	πολεμικοῖς	ADJ	A-	Case=Dat|Degree=Pos|Gender=Masc|Number=Plur	πολεμικός	conj	10
1.6	17	·	PUNCT	Z		·	punct	1
1.6	18	αὐτίκα	ADV	Df		αὐτίκα	advmod	29
1.6	19	ἐν	ADP	R-		ἐν	case	21
1.6	20	τῶι	DET	S-	Case=Dat|Definite=Def|Gender=Masc|Number=Sing|PronType=Dem	τῷ	det	21
1.6	21	γυμνικῶι	ADJ	A-	Case=Dat|Degree=Pos|Gender=Masc|Number=Sing	γυμνικῶι	advmod	18
1.6	22	τῶι	DET	S-	Case=Dat|Definite=Def|Gender=Masc|Number=Sing|PronType=Dem	τῷ	det	23
1.6	23	σταδιοδρόμωι	NOUN	Nb	Case=Dat|Gender=Masc|Number=Sing	σταδιοδρόμωι	appos	21
1.6	24	ἁ	PRON	Pr	Case=Acc|Gender=Neut|Number=Plur|PronType=Rel	ὁ	obj	25
1.6	25	νίκα	VERB	V-	Mood=Ind|Number=Sing|Person=3|Tense=Pres|VerbForm=Fin|Voice=Act	νικάω	acl	21
1.6	26	τῶι	DET	S-	Case=Dat|Definite=Def|Gender=Masc|Number=Sing|PronType=Dem	τῷ	det	29
1.6	27	μὲν	ADV	Df		μέν	discourse	29
1.6	28	νικῶντι	VERB	V-	Case=Dat|Gender=Masc|Number=Sing|Tense=Pres|VerbForm=Part|Voice=Act	νικάω	obl	29
1.6	29	ἀγαθόν	ADJ	A-	Case=Nom|Degree=Pos|Gender=Neut|Number=Sing	ἀγαθός	ROOT	29
1.6	30	,	PUNCT	Z		,	punct	29
1.6	31	τοῖς	DET	S-	Case=Dat|Definite=Def|Gender=Masc|Number=Plur|PronType=Dem	ὁ	dep	34
1.6	32	δὲ	ADV	Df		δέ	discourse	34
1.6	33	ἡσσαμένοις	VERB	V-	Aspect=Perf|Case=Dat|Gender=Masc|Number=Plur|Tense=Past|VerbForm=Part|Voice=Act	ἡσσαμένος	orphan	34
1.6	34	κακόν	ADJ	A-	Case=Nom|Degree=Pos|Gender=Neut|Number=Sing	κακός	ROOT	34
1.6	35	.	PUNCT	Z		.	punct	34
1.7	0	(	PUNCT	R-		(	ROOT	0
1.7	1	(	PUNCT	Pk	Case=Nom|Gender=Masc|Number=Sing|PronType=Rel	(	ROOT	1
1.7	2	7	ADV	Df		7	discourse	1
1.7	3	)	ADV	Z		)	cc	1
1.7	4	)	ADV	Z		)	discourse	1
1.7	5	καττωὐτὸ	ADV	Df		καττωὐτὸ	conj	1
1.7	6	δὲ	ADV	Df		δέ	discourse	5
1.7	7	καὶ	CCONJ	C-		καί	cc	9
1.7	8	τῶι	DET	S-	Case=Dat|Definite=Def|Gender=Masc|Number=Sing|PronType=Dem	τῷ	det	9
1.7	9	παλαιστᾶι	NOUN	Nb	Case=Dat|Gender=Masc|Number=Sing	παλαιστᾶις	iobj	5
1.7	10	καὶ	CCONJ	C-		καί	cc	9
1.7	11	πύκται	NOUN	Nb	Case=Nom|Gender=Masc|Number=Plur	πύκται	conj	9
1.7	12	καὶ	CCONJ	C-		καί	cc	9
1.7	13	τοῖς	DET	S-	Case=Dat|Definite=Def|Gender=Masc|Number=Plur|PronType=Dem	ὁ	det	14
1.7	14	ἄλλοις	ADJ	Px	Case=Dat|Degree=Pos|Gender=Masc|Number=Plur	ἄλλος	conj	9
1.7	15	ἔν	ADP	R-		ἐν	dep	5
1.7	16	τε	CCONJ	C-		τε	cc	5
1.7	17	〈	ADV	Df		〈	dep	28
1.7	18	τῶι	DET	S-	Case=Dat|Definite=Def|Gender=Masc,Neut|Number=Sing|PronType=Dem	τῷ	det	20
1.7	19	〉	ADV	Df		〉	amod	20
1.7	20	μωσικῶι	ADJ	A-	Case=Dat|Degree=Pos|Gender=Masc,Neut|Number=Sing	μωσικῶι	nmod	17
1.7	21	ἁ	PRON	Pr	Case=Nom|Gender=Neut|Number=Plur|PronType=Rel	ὁ	nsubj	22
1.7	22	νίκα	VERB	V-	Mood=Ind|Number=Sing|Person=3|Tense=Pres|VerbForm=Fin|Voice=Act	νικάω	acl	17
1.7	23	ἁ	PRON	Pr	Case=Nom|Gender=Neut|Number=Plur|PronType=Rel	ὁ	det	24
1.7	24	κιθαρωιδίας	NOUN	Nb	Case=Acc|Gender=Fem|Number=Plur	κιθαρωιδία	nsubj	22
1.7	25	τῶι	DET	S-	Case=Dat|Definite=Def|Gender=Masc|Number=Sing|PronType=Dem	τῷ	det	28
1.7	26	μὲν	ADV	Df		μέν	discourse	28
1.7	27	νικῶντι	VERB	V-	Case=Dat|Gender=Masc|Number=Sing|Tense=Pres|VerbForm=Part|Voice=Act	νικάω	obl	28
1.7	28	ἀγαθόν	ADJ	A-	Case=Nom|Degree=Pos|Gender=Neut|Number=Sing	ἀγαθός	conj	5
1.7	29	,	PUNCT	Z		,	dep	1
1.7	30	τοῖς	DET	S-	Case=Dat|Definite=Def|Gender=Masc|Number=Plur|PronType=Dem	ὁ	det	33
1.7	31	δὲ	ADV	Df		δέ	discourse	33
1.7	32	ἡσσαμένοις	VERB	V-	Aspect=Perf|Case=Dat|Gender=Masc|Number=Plur|Tense=Past|VerbForm=Part|Voice=Mid	ἡσσαμένος	orphan	33
1.7	33	κακόν	ADJ	A-	Case=Nom|Degree=Pos|Gender=Neut|Number=Sing	κακός	conj	29
1.7	34	.	PUNCT	Z		.	punct	1
1.8	0	(	PUNCT	Df		(	advmod	18
1.8	1	(	PUNCT	Pp	Case=Nom|Gender=Masc|Number=Sing	(	case	0
1.8	2	8)	ADV	Df		8)	discourse	0
1.8	3	)	ADV	Z		)	cc	0
1.8	4	ἔν	ADP	R-		ἐν	case	7
1.8	5	τε	CCONJ	C-		τε	cc	7
1.8	6	τῶι	DET	S-	Case=Dat|Definite=Def|Gender=Masc|Number=Sing|PronType=Dem	τῷ	det	7
1.8	7	πολέμωι	NOUN	Nb	Case=Dat|Gender=Masc|Number=Sing	πολέμωι	obl	13
1.8	8	(	PUNCT	Dq	PronType=Rel	(	advmod	13
1.8	9	καὶ	CCONJ	C-		καί	cc	11
1.8	10	τὰ	DET	S-	Case=Acc|Definite=Def|Gender=Neut|Number=Plur|PronType=Dem	ὁ	det	11
1.8	11	νεώτατα	ADJ	A-	Case=Acc|Degree=Pos|Gender=Neut|Number=Plur	νεώς	obj	13
1.8	12	πρῶτον	ADJ	Mo	Case=Acc|Gender=Neut|Number=Sing	πρῶτος	advmod	13
1.8	13	ἐρῶ	VERB	V-	Mood=Ind|Number=Sing|Person=1|Tense=Fut|VerbForm=Fin|Voice=Act	λέγω	conj	0
1.8	14	)	ADV	Z		)	discourse	13
1.8	15	ἁ	PRON	Pr	Case=Nom|Gender=Neut|Number=Plur|PronType=Rel	ὁ	det	17
1.8	16	τῶν	DET	S-	Case=Gen|Definite=Def|Gender=Masc|Number=Plur|PronType=Dem	ὁ	det	17
1.8	17	Λακεδαιμονίων	ADJ	A-	Case=Gen|Degree=Pos|Gender=Masc|Number=Plur	Λακεδαιμόνιος	nsubj	18
1.8	18	νίκα	VERB	V-	Mood=Ind|Number=Sing|Person=3|Tense=Pres|VerbForm=Fin|Voice=Act	νικάω	ROOT	18
1.8	19	,	PUNCT	Z		,	advmod	18
1.8	20	ἃν	SCONJ	G-		ὅς	mark	21
1.8	21	ἐνίκων	VERB	V-	Aspect=Imp|Mood=Ind|Number=Sing|Person=1|Tense=Past|VerbForm=Fin|Voice=Act	νικάω	advcl	18
1.8	22	Ἀθηναίως	ADJ	A-	Case=Acc|Degree=Pos|Gender=Masc|Number=Plur	Ἀθηναίως	advmod	21
1.8	23	καὶ	CCONJ	C-		καί	cc	22
1.8	24	τὼς	ADV	Df		τώς	det	25
1.8	25	συμμάχως	ADV	Df	Degree=Pos	συμμάχως	conj	22
1.8	26	,	PUNCT	Z		,	punct	18
1.8	27	Λακεδαιμονίοις	ADJ	A-	Case=Dat|Degree=Pos|Gender=Masc|Number=Plur	Λακεδαιμόνιος	iobj	29
1.8	28	μὲν	ADV	Df		μέν	discourse	29
1.8	29	ἀγαθόν	ADJ	A-	Case=Nom|Degree=Pos|Gender=Neut|Number=Sing	ἀγαθός	ROOT	29
1.8	30	,	PUNCT	Z		,	punct	29
1.8	31	Ἀθηναίοις	ADJ	A-	Case=Dat|Degree=Pos|Gender=Masc|Number=Plur	Ἀθήναιος	iobj	36
1.8	32	δὲ	ADV	Df		δέ	discourse	36
1.8	33	καὶ	CCONJ	C-		καί	dep	36
1.8	34	τοῖς	DET	S-	Case=Dat|Definite=Def|Gender=Masc|Number=Plur|PronType=Dem	ὁ	det	35
1.8	35	συμμάχοις	NOUN	Nb	Case=Dat|Gender=Masc|Number=Plur	σύμμαχος	dep	36
1.8	36	κακόν	ADJ	A-	Case=Nom|Degree=Pos|Gender=Neut|Number=Sing	κακός	ROOT	36
1.8	37	·	PUNCT	Z		·	punct	36
1.8	38	ἅ	PRON	Pr	Case=Nom|Gender=Neut|Number=Plur|PronType=Rel	ὅς	nsubj	40
1.8	39	τε	CCONJ	C-		τε	cc	40
1.8	40	νίκα	VERB	V-	Mood=Ind|Number=Sing|Person=3|Tense=Pres|VerbForm=Fin|Voice=Act	νικάω	ROOT	40
1.8	41	,	PUNCT	Z		,	punct	40
1.8	42	ἃν	SCONJ	G-		ὅς	mark	47
1.8	43	τοὶ	PRON	Pp	Case=Dat|Gender=Masc|Number=Sing|Person=2|PronType=Prs	σύ	iobj	47
1.8	44	Ἕλλανες	NOUN	Nb	Case=Nom|Gender=Masc|Number=Plur	Ἕλλαν	nsubj	47
1.8	45	τὸν	DET	S-	Case=Acc|Definite=Def|Gender=Masc|Number=Sing|PronType=Dem	ὁ	det	46
1.8	46	Πέρσαν	VERB	V-	Aspect=Perf|Case=Acc|Gender=Masc|Number=Sing|Tense=Past|VerbForm=Part|Voice=Act	Πέρσας	obj	47
1.8	47	ἐνίκασαν	VERB	V-	Aspect=Imp|Mood=Ind|Number=Plur|Person=3|Tense=Past|VerbForm=Fin|Voice=Act	ἐνίκασαν	ROOT	47
1.8	48	,	PUNCT	Z		,	ROOT	48
1.8	49	τοῖς	DET	S-	Case=Dat|Definite=Def|Gender=Masc|Number=Plur|PronType=Dem	ὁ	det	51
1.8	50	μὲν	ADV	Df		μέν	discourse	52
1.8	51	Ἕλλασιν	NOUN	Nb	Case=Dat|Gender=Masc|Number=Plur	Ἕλλην	iobj	52
1.8	52	ἀγαθόν	ADJ	A-	Case=Nom|Degree=Pos|Gender=Neut|Number=Sing	ἀγαθός	conj	48
1.8	53	,	PUNCT	Z		,	parataxis	48
1.8	54	τοῖς	DET	S-	Case=Dat|Definite=Def|Gender=Masc|Number=Plur|PronType=Dem	ὁ	det	57
1.8	55	δὲ	ADV	Df		δέ	discourse	57
1.8	56	βαρβάροις	ADJ	A-	Case=Dat|Degree=Pos|Gender=Masc|Number=Plur	βάρβαρος	orphan	57
1.8	57	κακόν	ADJ	A-	Case=Nom|Degree=Pos|Gender=Neut|Number=Sing	κακός	conj	53
1.8	58	.	PUNCT	Z		.	punct	57
1.9	0	(	PUNCT	Df		(	iobj	2
1.9	1	(	PUNCT	Df		(	case	0
1.9	2	9	ADV	Df		9	ROOT	2
1.9	3	)	CCONJ	Z		)	advmod	2
1.9	4	)	CCONJ	Z		)	conj	0
1.9	5	ἁ	DET	Pr	Case=Nom|Definite=Def|Gender=Neut|Number=Plur|PronType=Dem	ὁ	det	9
1.9	6	τοίνυν	ADV	Df		τοίνυν	discourse	13
1.9	7	τοῦ	DET	S-	Case=Gen|Definite=Def|Gender=Masc,Neut|Number=Sing|PronType=Dem	ὁ	det	8
1.9	8	Ἰλίου	PROPN	Ne	Case=Gen|Gender=Fem|Number=Sing	Ἴλιος	nmod	9
1.9	9	αἵρεσις	NOUN	Nb	Case=Nom|Gender=Fem|Number=Sing	αἵρεσις	nsubj	13
1.9	10	τοῖς	DET	S-	Case=Dat|Definite=Def|Gender=Masc|Number=Plur|PronType=Dem	ὁ	det	13
1.9	11	μὲν	ADV	Df		μέν	discourse	13
1.9	12	Ἀχαιοῖς	ADJ	A-	Case=Dat|Degree=Pos|Gender=Masc|Number=Plur	Ἀχαιός	iobj	13
1.9	13	ἀγαθόν	ADJ	A-	Case=Nom|Degree=Pos|Gender=Neut|Number=Sing	ἀγαθός	conj	2
1.9	14	,	PUNCT	Z		,	punct	2
1.9	15	τοῖς	DET	S-	Case=Dat|Definite=Def|Gender=Masc|Number=Plur|PronType=Dem	ὁ	det	18
1.9	16	δὲ	ADV	Df		δέ	discourse	18
1.9	17	Τρωσὶ	NOUN	Nb	Case=Dat|Gender=Masc|Number=Plur	Τρώς	orphan	18
1.9	18	κακόν	ADJ	A-	Case=Nom|Degree=Pos|Gender=Neut|Number=Sing	κακός	ROOT	18
1.9	19	.	PUNCT	Z		.	punct	18
1.9	20	καδδὲ	ADV	Df		καδδὲ	vocative	21
1.9	21	ταὐτὸν	ADJ	A-	Case=Acc|Gender=Neut|Number=Sing	αὐτός	ROOT	21
1.9	22	καὶ	CCONJ	C-		καί	cc	25
1.9	23	τὰ	DET	S-	Case=Nom|Definite=Def|Gender=Neut|Number=Plur|PronType=Dem	ὁ	det	25
1.9	24	τῶν	DET	S-	Case=Gen|Definite=Def|Gender=Masc|Number=Plur|PronType=Dem	ὁ	det	25
1.9	25	Θηβαίων	ADJ	A-	Case=Gen|Degree=Pos|Gender=Masc|Number=Plur	Θηβαῖος	nmod	21
1.9	26	καὶ	CCONJ	C-		καί	cc	25
1.9	27	τὰ	DET	S-	Case=Nom|Definite=Def|Gender=Neut|Number=Plur|PronType=Dem	ὁ	det	30
1.9	28	τῶν	DET	S-	Case=Gen|Definite=Def|Gender=Masc|Number=Plur|PronType=Dem	ὁ	det	29
1.9	29	Ἀργείων	ADJ	A-	Case=Gen|Degree=Pos|Gender=Masc|Number=Plur	Ἀργεῖος	nmod	30
1.9	30	πάθη	NOUN	Nb	Case=Nom|Gender=Neut|Number=Plur	πάθος	conj	25
1.9	31	.	PUNCT	Z		.	punct	21
1.10	0	(	PUNCT	Df		(	ROOT	0
1.10	1	(	PUNCT	Df		(	dep	0
1.10	2	10	ADV	Df		10	ROOT	2
1.10	3	)	ADV	Z		)	discourse	2
1.10	4	)	ADV	Z		)	discourse	2
1.10	5	καὶ	CCONJ	C-		καί	cc	2
1.10	6	ἁ	DET	S-	Case=Nom|Definite=Def|Gender=Neut|Number=Plur|PronType=Dem	ὁ	det	8
1.10	7	τῶν	DET	S-	Case=Gen|Definite=Def|Gender=Masc|Number=Plur|PronType=Dem	ὁ	det	8
1.10	8	Κενταύρων	NOUN	Nb	Case=Gen|Gender=Masc|Number=Plur	Κένταυρος	nmod	11
1.10	9	καὶ	CCONJ	C-		καί	cc	8
1.10	10	Λαπιθᾶν	NOUN	Nb	Case=Gen|Gender=Masc|Number=Plur	Λαπιθᾶν	conj	8
1.10	11	μάχα	NOUN	Nb	Case=Nom|Gender=Neut|Number=Plur	μάχα	conj	2
1.10	12	τοῖς	DET	S-	Case=Dat|Definite=Def|Gender=Masc|Number=Plur|PronType=Dem	ὁ	det	14
1.10	13	μὲν	ADV	Df		μέν	discourse	14
1.10	14	Λαπίθαις	NOUN	Nb	Case=Dat|Gender=Masc|Number=Plur	Λαπίθης	iobj	15
1.10	15	ἀγαθόν	ADJ	A-	Case=Nom|Degree=Pos|Gender=Neut|Number=Sing	ἀγαθός	appos	11
1.10	16	,	PUNCT	Z		,	ROOT	16
1.10	17	τοῖς	DET	S-	Case=Dat|Definite=Def|Gender=Masc|Number=Plur|PronType=Dem	ὁ	det	20
1.10	18	δὲ	ADV	Df		δέ	discourse	20
1.10	19	Κενταύροις	NOUN	Nb	Case=Dat|Gender=Masc|Number=Plur	Κένταυρος	orphan	20
1.10	20	κακόν	ADJ	A-	Case=Nom|Degree=Pos|Gender=Neut|Number=Sing	κακός	conj	16
1.10	21	.	PUNCT	Z		.	ROOT	21
1.10	22	καὶ	CCONJ	C-		καί	cc	34
1.10	23	μὰν	ADV	Df		μήν	discourse	34
1.10	24	καὶ	ADV	Df		καί	advmod	31
1.10	25	ἁ	DET	S-	Case=Nom|Definite=Def|Gender=Neut|Number=Plur|PronType=Dem	ὁ	det	31
1.10	26	τῶν	DET	S-	Case=Gen|Definite=Def|Gender=Masc|Number=Plur|PronType=Dem	ὁ	det	27
1.10	27	θεῶν	NOUN	Nb	Case=Gen|Gender=Masc|Number=Plur	θεός	nmod	30
1.10	28	καὶ	CCONJ	C-		καί	cc	27
1.10	29	Γιγάντων	NOUN	Nb	Case=Gen|Gender=Masc|Number=Plur	Γίγας	conj	27
1.10	30	λεγομένα	VERB	V-	Case=Nom|Gender=Neut|Number=Plur|Tense=Pres|VerbForm=Part|Voice=Pass	λεγομήν	acl	31
1.10	31	μάχα	NOUN	Nb	Case=Nom|Gender=Neut|Number=Plur	μάχα	nsubj	34
1.10	32	[	PUNCT	Ne	Case=Nom|Gender=Masc|Number=Sing	[	appos	31
1.10	33	καὶ	CCONJ	C-		καί	cc	31
1.10	34	νίκα	VERB	V-	Mood=Ind|Number=Sing|Person=3|Tense=Pres|VerbForm=Fin|Voice=Act	νικάω	ROOT	34
1.10	35	]	CCONJ	Z		]ς	cc	34
1.10	36	τοῖς	DET	S-	Case=Dat|Definite=Def|Gender=Masc|Number=Plur|PronType=Dem	ὁ	det	39
1.10	37	μὲν	ADV	Df		μέν	discourse	39
1.10	38	θεοῖς	NOUN	Nb	Case=Dat|Gender=Masc|Number=Plur	θεός	obl	39
1.10	39	ἀγαθόν	ADJ	A-	Case=Nom|Degree=Pos|Gender=Neut|Number=Sing	ἀγαθός	xcomp	34
1.10	40	,	PUNCT	Z		,	punct	34
1.10	41	τοῖς	DET	S-	Case=Dat|Definite=Def|Gender=Masc|Number=Plur|PronType=Dem	ὁ	det	44
1.10	42	δὲ	ADV	Df		δέ	discourse	44
1.10	43	Γίγασι	NOUN	Nb	Case=Dat|Gender=Masc|Number=Plur	Γίγα	obl	44
1.10	44	κακόν	ADJ	A-	Case=Nom|Degree=Pos|Gender=Neut|Number=Sing	κακός	ROOT	44
1.10	45	.	PUNCT	Z		.	punct	44
1.11	0	(	PUNCT	Df		(	ROOT	0
1.11	1	(	PUNCT	Df		(	ROOT	1
1.11	2	11	ADV	Df		11	nsubj:pass	8
1.11	3	)	ADV	Z		)	discourse	2
1.11	4	)	ADV	Z		)	cc	8
1.11	5	ἄλλος	ADJ	A-	Case=Nom|Degree=Pos|Gender=Masc|Number=Sing	ἄλλος	amod	13
1.11	6	δὲ	ADV	Df		δέ	discourse	8
1.11	7	λόγος	NOUN	Nb	Case=Nom|Gender=Masc|Number=Sing	λόγος	nsubj:pass	8
1.11	8	λέγεται	VERB	V-	Mood=Ind|Number=Sing|Person=3|Tense=Pres|VerbForm=Fin|Voice=Pass	λέγω	ROOT	8
1.11	9	,	PUNCT	Z		,	dep	8
1.11	10	ὡς	SCONJ	G-		ὡς	mark	11
1.11	11	ἄλλο	ADJ	A-	Case=Nom|Degree=Pos|Gender=Neut|Number=Sing	ἄλλος	dep	8
1.11	12	μὲν	ADV	Df		μέν	discourse	11
1.11	13	τἀγαθὸν	NOUN	A-	Case=Nom|Gender=Neut|Number=Sing	ἀγαθός	nsubj	11
1.11	14	εἴη	AUX	V-	Mood=Opt|Number=Sing|Person=3|Tense=Pres|VerbForm=Fin|Voice=Act	εἰμί	cop	11
1.11	15	,	PUNCT	Z		,	dep	8
1.11	16	ἄλλο	ADJ	A-	Case=Nom|Degree=Pos|Gender=Neut|Number=Sing	ἄλλος	conj	8
1.11	17	δὲ	ADV	Df		δέ	discourse	16
1.11	18	τὸ	DET	S-	Case=Nom|Definite=Def|Gender=Neut|Number=Sing|PronType=Dem	ὁ	det	19
1.11	19	κακόν	ADJ	A-	Case=Nom|Degree=Pos|Gender=Neut|Number=Sing	κακός	nsubj	16
1.11	20	,	PUNCT	Z		,	dep	8
1.11	21	διαφέρον	VERB	V-	Case=Nom|Gender=Neut|Number=Sing|Tense=Pres|VerbForm=Part|Voice=Act	διαφέρω	ROOT	21
1.11	22	ὥσπερ	ADV	Df		ὥσπερ	advmod	21
1.11	23	καὶ	ADV	Df		καί	advmod	24
1.11	24	τὦνυμα	DET	Nb	Case=Gen|Definite=Def|Gender=Neut|Number=Plur|PronType=Dem	τὦνυμα	nsubj	22
1.11	25	,	PUNCT	Z		,	advmod	21
1.11	26	οὕτω	ADV	Df		οὕτως	advmod	21
1.11	27	καὶ	ADV	Df		καί	advmod	29
1.11	28	τὸ	DET	S-	Case=Nom|Definite=Def|Gender=Neut|Number=Sing|PronType=Dem	ὁ	det	29
1.11	29	πρᾶγμα	NOUN	Nb	Case=Nom|Gender=Neut|Number=Sing	πρᾶγμα	nsubj	26
1.11	30	.	PUNCT	Z		.	punct	21
1.11	31	ἐγὼ	PRON	Pp	Case=Nom|Gender=Masc|Number=Sing|Person=1|PronType=Prs	ἐγώ	nsubj	36
1.11	32	δὲ	ADV	Df		δέ	discourse	36
1.11	33	καὶ	ADV	Df		καί	advmod	34
1.11	34	αὐτὸς	DET	Pd	Case=Nom|Gender=Masc|Number=Sing	αὐτός	det	31
1.11	35	τοῦτον	DET	Pd	Case=Acc|Gender=Masc|Number=Sing	οὗτος	det	36
1.11	36	διαιρεῦμαι	VERB	V-	Mood=Ind|Number=Sing|Person=1|Tense=Pres|VerbForm=Fin|Voice=Mid	διαιρεῦμαι	ROOT	36
1.11	37	τὸν	DET	S-	Case=Acc|Definite=Def|Gender=Masc|Number=Sing|PronType=Dem	ὁ	det	38
1.11	38	τρόπον	NOUN	Nb	Case=Acc|Gender=Masc|Number=Sing	τρόπος	obl	36
1.11	39	·	PUNCT	Z		·	punct	36
1.11	40	δοκῶ	VERB	V-	Mood=Ind|Number=Sing|Person=1|Tense=Pres|VerbForm=Fin|Voice=Act	δοκέω	ROOT	40
1.11	41	γὰρ	ADV	Df		γάρ	discourse	40
1.11	42	οὐδὲ	ADV	Df	Polarity=Neg	οὐδέ	advmod	43
1.11	43	διάδαλόν	VERB	V-	Aspect=Perf|Tense=Past|VerbForm=Inf|Voice=Act	διάδαλός	ccomp	40
1.11	44	〈	ADV	V-		〈	advmod	43
1.11	45	κ	ADV	Df		ΑΒΓ	advmod	44
1.11	46	’	SCONJ	V-		’	parataxis	40
1.11	47	〉	ADV	Df		〉	ccomp	40
1.11	48	ἦμεν	AUX	V-	Aspect=Imp|Mood=Ind|Number=Plur|Person=1|Tense=Past|VerbForm=Fin|Voice=Act	εἰμί	cop	47
1.11	49	,	PUNCT	Z		,	punct	40
1.11	50	ποῖον	PRON	Pi	Case=Nom|Gender=Neut|Number=Sing|PronType=Int	ποῖος	det	51
1.11	51	ἀγαθὸν	ADJ	A-	Case=Nom|Degree=Pos|Gender=Neut|Number=Sing	ἀγαθός	ROOT	51
1.11	52	καὶ	CCONJ	C-		καί	cc	51
1.11	53	ποῖον	PRON	Pi	Case=Nom|Gender=Neut|Number=Sing|PronType=Int	ποῖος	det	54
1.11	54	κακόν	ADJ	A-	Case=Nom|Degree=Pos|Gender=Neut|Number=Sing	κακός	conj	51
1.11	55	,	PUNCT	Z		,	ROOT	55
1.11	56	αἰ	PRON	Pr	Case=Nom|Gender=Fem|Number=Plur|PronType=Rel	εἰ	mark	58
1.11	57	τὸ	DET	S-	Case=Nom|Definite=Def|Gender=Neut|Number=Sing|PronType=Dem	ὁ	det	58
1.11	58	αὐτὸ	ADJ	Pd	Case=Nom|Gender=Neut|Number=Sing	αὐτός	nmod	55
1.11	59	καὶ	CCONJ	C-		καί	cc	58
1.11	60	μὴ	ADV	Df	Polarity=Neg	μή	advmod	61
1.11	61	ἄλλο	ADJ	A-	Case=Nom|Degree=Pos|Gender=Neut|Number=Sing	ἄλλος	conj	58
1.11	62	ἑκάτερον	ADJ	A-	Case=Nom|Degree=Pos|Gender=Neut|Number=Sing	ἑκάτερος	appos	61
1.11	63	ἦς	AUX	V-	Aspect=Imp|Mood=Ind|Number=Sing|Person=2|Tense=Past|VerbForm=Fin|Voice=Act	εἰμί	cop	62
1.11	64	·	PUNCT	Z		·	punct	55
1.11	65	καὶ	CCONJ	C-		καί	cc	67
1.11	66	γὰρ	ADV	Df		γάρ	discourse	67
1.11	67	θαυμαστόν	ADJ	A-	Case=Nom|Degree=Pos|Gender=Neut|Number=Sing	θαυμαστός	ROOT	67
1.11	68	κ	ADV	Df		ΑΒΓ	advmod	67
1.11	69	’	INTJ	A-		’	nsubj	67
1.11	70	εἴη	AUX	V-	Mood=Opt|Number=Sing|Person=3|Tense=Pres|VerbForm=Fin|Voice=Act	εἰμί	cop	67
1.11	71	.	PUNCT	Z		.	punct	67
1.12	0	(	PUNCT	R-		(	ROOT	0
1.12	1	(	PUNCT	Pk		(	ROOT	1
1.12	2	12	ADV	Df		12	discourse	1
1.12	3	)	ADV	Z		)	discourse	2
1.12	4	)	ADV	Z		)	dep	1
1.12	5	οἶμαι	VERB	V-	Mood=Ind|Number=Sing|Person=1|Tense=Pres|VerbForm=Fin|Voice=Act	οἴομαι	parataxis	1
1.12	6	δὲ	ADV	Df		δέ	discourse	5
1.12	7	οὐδέ	ADV	Df	Polarity=Neg	οὐδέ	dep	9
1.12	8	κ	ADV	Df		ΑΒΓ	advmod	9
1.12	9	’	CCONJ	A-		’	ccomp	5
1.12	10	αὐτὸν	PRON	Pp	Case=Acc|Gender=Masc|Number=Sing|Person=3|PronType=Prs	αὐτός	nsubj	11
1.12	11	ἔχεν	VERB	V-	Tense=Pres|VerbForm=Inf|Voice=Act	ἔχω	ccomp	12
1.12	12	ἀποκρίνασθαι	VERB	V-	Aspect=Perf|Tense=Past|VerbForm=Inf|Voice=Mid	ἀποκρίνω	ccomp	5
1.12	13	,	PUNCT	Z		,	ccomp	5
1.12	14	αἴ	SCONJ	G-		εἰ	mark	19
1.12	15	τις	ADJ	Px	Case=Nom|Gender=Masc|Number=Sing	τίς	nsubj	19
1.12	16	[	PUNCT	Df		[	advmod	19
1.12	17	αὐτὸν	PRON	Pp	Case=Acc|Gender=Masc|Number=Sing|Person=3|PronType=Prs	αὐτός	obj	19
1.12	18	]	ADV	Z		]	dep	19
1.12	19	ἔροιτο	VERB	V-	Aspect=Perf|Mood=Opt|Number=Sing|Person=3|Tense=Past|VerbForm=Fin|Voice=Act	ἐρέω	ccomp	5
1.12	20	τὸν	DET	S-	Case=Acc|Definite=Def|Gender=Masc|Number=Sing|PronType=Dem	ὁ	det	22
1.12	21	ταῦτα	ADJ	Pd	Case=Acc|Gender=Neut|Number=Plur	οὗτος	obj	22
1.12	22	λέγοντα	VERB	V-	Case=Acc|Gender=Masc|Number=Sing|Tense=Pres|VerbForm=Part|Voice=Act	λέγω	obj	19
1.12	23	:	PUNCT	Z		:	punct	1
1.12	24	εἶπον	VERB	V-	Aspect=Perf|Mood=Ind|Number=Sing|Person=1|Tense=Past|VerbForm=Fin|Voice=Act	λέγω	ROOT	24
1.12	25	δή	ADV	Df		δή	discourse	24
1.12	26	μοι	PRON	Pp	Case=Dat|Gender=Masc|Number=Sing|Person=1|PronType=Prs	ἐγώ	iobj	24
1.12	27	,	PUNCT	Z		,	punct	24
1.12	28	ἤδη	ADV	Df		ἤδη	advmod	34
1.12	29	τύ	PRON	Pp	Case=Nom|Gender=Masc|Number=Sing|Person=2|PronType=Prs	σύ	nsubj	34
1.12	30	τι	PRON	Pi	Case=Acc|Gender=Neut|Number=Sing|PronType=Int	τίς	obj	34
1.12	31	τοὶ	PRON	Pp	Case=Dat|Gender=Masc|Number=Sing|Person=2|PronType=Prs	σύ	iobj	34
1.12	32	γονέες	NOUN	Nb	Case=Nom|Gender=Masc|Number=Plur	γονής	nsubj	34
1.12	33	ἀγαθὸν	ADJ	A-	Case=Acc|Degree=Pos|Gender=Neut|Number=Sing	ἀγαθός	obj	34
1.12	34	ἐποίησαν	VERB	V-	Aspect=Perf|Mood=Ind|Number=Plur|Person=3|Tense=Past|VerbForm=Fin|Voice=Act	ποιέω	ROOT	34
1.12	35	;	PUNCT	Z		;	punct	34
1.12	36	φαίη	VERB	V-	Mood=Opt|Number=Sing|Person=3|Tense=Pres|VerbForm=Fin|Voice=Act	φημί	ROOT	36
1.12	37	κα	ADV	Df		κα	advmod	36
1.12	38	·	PUNCT	Z		·	punct	36
1.12	39	καὶ	CCONJ	C-		καί	advmod	40
1.12	40	πολλὰ	ADJ	A-	Case=Acc|Degree=Pos|Gender=Neut|Number=Plur	πολύς	ROOT	40
1.12	41	καὶ	CCONJ	C-		καί	cc	40
1.12	42	μεγάλα	ADJ	A-	Case=Acc|Degree=Pos|Gender=Neut|Number=Plur	μέγας	conj	40
1.12	43	.	PUNCT	Z		.	punct	40
1.12	44	τὺ	PRON	Pp	Case=Nom|Gender=Masc|Number=Sing|Person=2|PronType=Prs	σύ	nsubj	52
1.12	45	ἄρα	ADV	Df		ἆρα	discourse	52
1.12	46	κακὰ	ADJ	A-	Case=Acc|Degree=Pos|Gender=Neut|Number=Plur	κακός	obj	52
1.12	47	καὶ	CCONJ	C-		καί	cc	46
1.12	48	μεγάλα	ADJ	A-	Case=Acc|Degree=Pos|Gender=Neut|Number=Plur	μέγας	conj	46
1.12	49	καὶ	CCONJ	C-		καί	cc	46
1.12	50	πολλὰ	ADJ	A-	Case=Acc|Degree=Pos|Gender=Neut|Number=Plur	πολύς	conj	46
1.12	51	τούτοις	ADJ	Pd	Case=Dat|Gender=Neut|Number=Plur	οὗτος	iobj	46
1.12	52	ὀφείλεις	VERB	V-	Mood=Ind|Number=Sing|Person=2|Tense=Pres|VerbForm=Fin|Voice=Act	ὀφείλω	ROOT	52
1.12	53	,	PUNCT	Z		,	punct	52
1.12	54	αἴπερ	PRON	Pr	Case=Nom|Gender=Fem|Number=Plur|PronType=Rel	αἴπερ	nsubj	55
1.12	55	τωὐτόν	ADJ	Pd	Case=Nom|Gender=Neut|Number=Sing	τωὐτος	ROOT	55
1.12	56	ἐστι	AUX	V-	Mood=Ind|Number=Sing|Person=3|Tense=Pres|VerbForm=Fin|Voice=Act	εἰμί	cop	55
1.12	57	τὸ	DET	S-	Case=Nom|Definite=Def|Gender=Neut|Number=Sing|PronType=Dem	ὁ	det	58
1.12	58	ἀγαθὸν	ADJ	A-	Case=Nom|Degree=Pos|Gender=Neut|Number=Sing	ἀγαθός	nsubj	55
1.12	59	τῶι	DET	S-	Case=Dat|Definite=Def|Gender=Neut|Number=Sing|PronType=Dem	τῷ	det	60
1.12	60	κακῶι	ADJ	A-	Case=Dat|Degree=Pos|Gender=Masc|Number=Sing	κακῶι	iobj	55
1.12	61	.	PUNCT	Z		.	punct	55
1.13	0	(	PUNCT	Df		(	ROOT	0
1.13	1	(	PUNCT	Pp		(	cc	2
1.13	2	13	ADV	Df		13	dislocated	13
1.13	3	)	CCONJ	Z		)	dep	2
1.13	4	)	CCONJ	Z		)	dep	2
1.13	5	τί	PRON	Pi	Case=Acc|Gender=Neut|Number=Sing|PronType=Int	τίς	obl	13
1.13	6	δέ	ADV	Df		δέ	discourse	5
1.13	7	,	PUNCT	Z		,	discourse	13
1.13	8	τὼς	DET	S-	Case=Acc|Definite=Def|Gender=Masc|Number=Plur|PronType=Dem	τώς	det	9
1.13	9	συγγενέας	ADJ	A-	Case=Acc|Degree=Pos|Gender=Masc|Number=Plur	συγγενής	obj	13
1.13	10	ἤδη	ADV	Df		ἤδη	advmod	13
1.13	11	τι	PRON	Pi	Case=Acc|Gender=Neut|Number=Sing|PronType=Int	τίς	det	12
1.13	12	ἀγαθὸν	ADJ	A-	Case=Acc|Degree=Pos|Gender=Neut|Number=Sing	ἀγαθός	obj	13
1.13	13	ἐποίησας	VERB	V-	Aspect=Perf|Mood=Ind|Number=Sing|Person=2|Tense=Past|VerbForm=Fin|Voice=Act	ποιέω	ROOT	13
1.13	14	;	PUNCT	Z		;	punct	13
1.13	15	〈	ADV	Df		〈	advmod	17
1.13	16	καὶ	CCONJ	C-		καί	cc	17
1.13	17	πολλὰ	ADJ	A-	Case=Acc|Degree=Pos|Gender=Neut|Number=Plur	πολύς	obj	24
1.13	18	καὶ	CCONJ	C-		καί	cc	17
1.13	19	μεγάλα〉.	ADJ	A-	Case=Acc|Degree=Pos|Gender=Neut|Number=Plur	μεγάλα〉.	conj	17
1.13	20	τὼς	ADV	Df		τώς	advmod	24
1.13	21	ἄρα	ADV	Df		ἆρα	discourse	24
1.13	22	συγγενέας	ADJ	A-	Case=Acc|Degree=Pos|Gender=Masc|Number=Plur	συγγενής	obj	24
1.13	23	κακὸν	ADJ	A-	Case=Acc|Degree=Pos|Gender=Neut|Number=Sing	κακός	obj	24
1.13	24	ἐποίεις	VERB	V-	Aspect=Imp|Mood=Ind|Number=Sing|Person=2|Tense=Past|VerbForm=Fin|Voice=Act	ποιέω	ROOT	24
1.13	25	.	PUNCT	Z		.	punct	24
1.13	26	τί	PRON	Pi	Case=Acc|Gender=Neut|Number=Sing|PronType=Int	τίς	obl	33
1.13	27	δέ	ADV	Df		δέ	discourse	26
1.13	28	,	PUNCT	Z		,	discourse	33
1.13	29	τὼς	ADV	S-		τώς	det	30
1.13	30	ἐχθρὼς	ADV	Df	Degree=Pos	ἐχθρώς	advmod	33
1.13	31	ἤδη	ADV	Df		ἤδη	advmod	33
1.13	32	κακὸν	ADJ	A-	Case=Acc|Degree=Pos|Gender=Neut|Number=Sing	κακός	obj	33
1.13	33	ἐποίησας	VERB	V-	Aspect=Perf|Mood=Ind|Number=Sing|Person=2|Tense=Past|VerbForm=Fin|Voice=Act	ποιέω	ROOT	33
1.13	34	;	PUNCT	Z		;	punct	33
1.13	35	καὶ	CCONJ	C-		καί	cc	36
1.13	36	πολλὰ	ADJ	A-	Case=Acc|Degree=Pos|Gender=Neut|Number=Plur	πολύς	obj	43
1.13	37	καὶ	CCONJ	C-		καί	cc	36
1.13	38	〈	ADJ	Df	Case=Acc|Degree=Pos|Gender=Neut|Number=Plur	〈	conj	36
1.13	39	μεγάλα〉.	ADJ	A-	Case=Acc|Degree=Pos|Gender=Neut|Number=Plur	μεγάλα〉.	conj	36
1.13	40	μέγιστα	ADJ	A-	Case=Acc|Degree=Sup|Gender=Neut|Number=Plur	μέγας	advmod	43
1.13	41	ἄρα	ADV	Df		ἆρα	discourse	43
1.13	42	ἀγαθὰ	ADJ	A-	Case=Acc|Degree=Pos|Gender=Neut|Number=Plur	ἀγαθός	obj	43
1.13	43	ἐποίησας	VERB	V-	Aspect=Perf|Mood=Ind|Number=Sing|Person=2|Tense=Past|VerbForm=Fin|Voice=Act	ποιέω	ROOT	43
1.13	44	.	PUNCT	Z		.	punct	43
1.14	0	(	PUNCT	Df		(	ROOT	0
1.14	1	(	PUNCT	Pp		(	ROOT	1
1.14	2	14	ADV	Df		14	ROOT	2
1.14	3	)	ADV	Z		)	discourse	2
1.14	4	)	ADV	Z		)	discourse	2
1.14	5	ἄγε	VERB	V-	Mood=Imp|Number=Sing|Person=2|Tense=Pres|VerbForm=Fin|Voice=Act	ἄγω	parataxis	10
1.14	6	δή	ADV	Df		δή	discourse	5
1.14	7	μοι	PRON	Pp	Case=Dat|Gender=Masc|Number=Sing|Person=1|PronType=Prs	ἐγώ	iobj	10
1.14	8	καὶ	ADV	Df		καί	advmod	9
1.14	9	τόδε	ADJ	Pd	Case=Acc|Gender=Neut|Number=Sing	ὅδε	obj	10
1.14	10	ἀπόκριναι	VERB	V-	Aspect=Perf|Mood=Imp|Number=Sing|Person=2|Tense=Past|VerbForm=Fin|Voice=Act	ἀποκρίνω	conj	2
1.14	11	.	PUNCT	Z		.	punct	2
1.14	12	ἄλλο	ADJ	Px	Case=Acc|Gender=Neut|Number=Sing	ἄλλος	obj	18
1.14	13	τι	DET	Px	Case=Acc|Gender=Neut|Number=Sing	τίς	det	12
1.14	14	ἢ	ADV	Df		ἤ	advmod	12
1.14	15	τὼς	DET	S-	Case=Acc|Definite=Def|Gender=Masc|Number=Plur|PronType=Dem	τώς	det	16
1.14	16	πτωχὼς	NOUN	Nb	Case=Acc|Gender=Masc|Number=Plur	πτωχὼς	obl	17
1.14	17	οἰκτίρεις	VERB	V-	Mood=Ind|Number=Sing|Person=2|Tense=Pres|VerbForm=Fin|Voice=Act	οἰκτίρω	ccomp	14
1.14	18	,	PUNCT	Z		,	ROOT	18
1.14	19	ὅτι	SCONJ	G-		ὅτι	mark	23
1.14	20	πολλὰ	ADJ	A-	Case=Acc|Degree=Pos|Gender=Neut|Number=Plur	πολύς	obj	23
1.14	21	καὶ	CCONJ	C-		καί	cc	20
1.14	22	κακὰ	ADJ	A-	Case=Acc|Degree=Pos|Gender=Neut|Number=Plur	κακός	conj	20
1.14	23	ἔχοντι	VERB	V-	Case=Dat|Gender=Masc|Number=Sing|Tense=Pres|VerbForm=Part|Voice=Act	ἔχω	advcl	18
1.14	24	,	PUNCT	Z		,	punct	18
1.14	25	〈	ADV	C-		〈	advmod	29
1.14	26	καὶ	ADV	Df		καί	advmod	27
1.14	27	〉	ADV	Df		〉	advmod	29
1.14	28	πάλιν	ADV	Df		πάλιν	advmod	29
1.14	29	εὐδαιμονίζεις	VERB	V-	Mood=Ind|Number=Sing|Person=2|Tense=Pres|VerbForm=Fin|Voice=Act	εὐδαιμονίζω	ROOT	29
1.14	30	,	PUNCT	Z		,	ccomp	29
1.14	31	ὅτι	SCONJ	G-		ὅτι	mark	35
1.14	32	πολλὰ	ADJ	A-	Case=Acc|Degree=Pos|Gender=Neut|Number=Plur	πολύς	obj	35
1.14	33	καὶ	CCONJ	C-		καί	cc	32
1.14	34	ἀγαθὰ	ADJ	A-	Case=Acc|Degree=Pos|Gender=Neut|Number=Plur	ἀγαθός	conj	32
1.14	35	πράσσοντι	VERB	V-	Case=Dat|Gender=Masc|Number=Sing|Tense=Pres|VerbForm=Part|Voice=Act	πράσσω	ROOT	35
1.14	36	,	PUNCT	Z		,	ROOT	36
1.14	37	αἴπερ	PRON	Pr	Case=Nom|Gender=Fem|Number=Plur|PronType=Rel	αἴπερ	nsubj	39
1.14	38	τωὐτὸ	DET	A-	Case=Nom|Gender=Neut|Number=Sing	αὐτός	nummod	39
1.14	39	κακὸν	ADJ	A-	Case=Nom|Degree=Pos|Gender=Neut|Number=Sing	κακός	dep	36
1.14	40	καὶ	CCONJ	C-		καί	cc	39
1.14	41	ἀγαθόν	ADJ	A-	Case=Nom|Degree=Pos|Gender=Neut|Number=Sing	ἀγαθός	conj	39
1.14	42	;	PUNCT	Z		;	ROOT	42
1.15	0	(	PUNCT	Df		(	ROOT	0
1.15	1	(	PUNCT	Pk	Case=Nom|Gender=Masc|Number=Sing	(	case	0
1.15	2	15	ADV	Df		15	dep	0
1.15	3	)	ADV	Z		)	dep	2
1.15	4	)	ADV	Z		)	dep	0
1.15	5	τὸν	DET	S-	Case=Acc|Definite=Def|Gender=Masc|Number=Sing|PronType=Dem	ὁ	det	11
1.15	6	δὲ	ADV	Df		δέ	discourse	11
1.15	7	βασιλῆ	NOUN	Nb	Case=Acc|Gender=Masc|Number=Sing	βασιλεύς	nsubj	13
1.15	8	τὸν	DET	S-	Case=Acc|Definite=Def|Gender=Masc|Number=Sing|PronType=Dem	ὁ	det	9
1.15	9	μέγαν	ADJ	A-	Case=Acc|Degree=Pos|Gender=Masc|Number=Sing	μέγας	nmod	7
1.15	10	οὐδὲν	ADJ	Px	Case=Acc|Gender=Neut|Number=Sing	οὐδείς	obl	11
1.15	11	κωλύει	VERB	V-	Mood=Ind|Number=Sing|Person=3|Tense=Pres|VerbForm=Fin|Voice=Act	κωλύω	conj	0
1.15	12	ὁμοίως	ADV	Df		ὁμοίως	advmod	13
1.15	13	διακεῖσθαι	VERB	V-	Tense=Pres|VerbForm=Inf|Voice=Mid	διάκειμαι	ccomp	11
1.15	14	τοῖς	DET	S-	Case=Dat|Definite=Def|Gender=Masc|Number=Plur|PronType=Dem	ὁ	det	15
1.15	15	πτωχοῖς	ADJ	A-	Case=Dat|Degree=Pos|Gender=Masc|Number=Plur	πτωχός	iobj	13
1.15	16	.	PUNCT	Z		.	ROOT	16
1.15	17	τὰ	DET	S-	Case=Nom|Definite=Def|Gender=Neut|Number=Plur|PronType=Dem	ὁ	det	22
1.15	18	γὰρ	ADV	Df		γάρ	discourse	25
1.15	19	πολλὰ	ADJ	A-	Case=Nom|Degree=Pos|Gender=Neut|Number=Plur	πολύς	amod	22
1.15	20	καὶ	CCONJ	C-		καί	cc	19
1.15	21	μεγάλα	ADJ	A-	Case=Nom|Degree=Pos|Gender=Neut|Number=Plur	μέγας	conj	19
1.15	22	ἀγαθὰ	ADJ	A-	Case=Nom|Degree=Pos|Gender=Neut|Number=Plur	ἀγαθός	nsubj	25
1.15	23	αὐτῶι	PRON	Pp	Case=Dat|Gender=Masc|Number=Sing|Person=3|PronType=Prs	αὐτῶι	obl	25
1.15	24	πολλὰ	ADJ	A-	Case=Nom|Degree=Pos|Gender=Neut|Number=Plur	πολύς	appos	22
1.15	25	κακὰ	ADJ	A-	Case=Nom|Degree=Pos|Gender=Neut|Number=Plur	κακός	ROOT	25
1.15	26	καὶ	CCONJ	C-		καί	cc	25
1.15	27	μεγάλα	ADJ	A-	Case=Nom|Degree=Pos|Gender=Neut|Number=Plur	μέγας	conj	25
1.15	28	ἐστίν	AUX	V-	Mood=Ind|Number=Sing|Person=3|Tense=Pres|VerbForm=Fin|Voice=Act	εἰμί	cop	25
1.15	29	,	PUNCT	Z	Polarity=Neg	,	punct	25
1.15	30	αἴ	SCONJ	G-		εἰ	mark	34
1.15	31	γα	ADV	Df		γε	discourse	34
1.15	32	τωὐτόν	ADJ	Pd	Case=Nom|Gender=Neut|Number=Sing	τωὐτος	nsubj	34
1.15	33	ἐστιν	AUX	V-	Mood=Ind|Number=Sing|Person=3|Tense=Pres|VerbForm=Fin|Voice=Act	εἰμί	cop	34
1.15	34	ἀγαθὸν	ADJ	A-	Case=Nom|Degree=Pos|Gender=Neut|Number=Sing	ἀγαθός	ROOT	34
1.15	35	καὶ	CCONJ	C-		καί	cc	34
1.15	36	κακόν	ADJ	A-	Case=Nom|Degree=Pos|Gender=Neut|Number=Sing	κακός	conj	34
1.15	37	.	PUNCT	Z		.	punct	34
1.15	38	καὶ	CCONJ	C-		καί	cc	44
1.15	39	τάδε	ADJ	Pd	Case=Nom|Gender=Neut|Number=Plur	ὅδε	nsubj:pass	44
1.15	40	μὲν	ADV	Df		μέν	discourse	44
1.15	41	περὶ	ADP	R-		περί	case	43
1.15	42	τῶν	DET	S-	Case=Gen|Definite=Def|Number=Plur|PronType=Dem	ὁ	det	43
1.15	43	πάντων	ADJ	Px	Case=Gen|Gender=Neut|Number=Plur	πᾶς	obl	44
1.15	44	εἰρήσθω	VERB	V-	Aspect=Perf|Mood=Imp|Number=Sing|Person=3|Tense=Past|VerbForm=Fin|Voice=Pass	λέγω	ROOT	44
1.15	45	.	PUNCT	Z		.	punct	44
1.16	0	(	PUNCT	Df		(	ROOT	0
1.16	1	(	PUNCT	Pk		(	ROOT	1
1.16	2	16	ADV	Df		16	ROOT	2
1.16	3	)	ADV	Z		)	discourse	2
1.16	4	)	ADV	Z		)	discourse	2
1.16	5	εἶμι	AUX	V-	Mood=Ind|Number=Sing|Person=1|Tense=Pres|VerbForm=Fin|Voice=Act	εἶμι	cop	9
1.16	6	δὲ	ADV	Df		δέ	discourse	5
1.16	7	καὶ	ADV	Df		καί	advmod	9
1.16	8	καθ’	ADP	R-		καθ’	case	9
1.16	9	ἕκαστον	ADJ	A-	Case=Acc|Degree=Pos|Gender=Neut|Number=Sing	ἕκαστος	conj	2
1.16	10	ἀρξᾶμενος	VERB	V-	Aspect=Perf|Case=Nom|Gender=Masc|Number=Sing|Tense=Past|VerbForm=Part|Voice=Mid	ἀρξᾶμεν	acl	9
1.16	11	ἀπὸ	ADP	R-		ἀπό	case	13
1.16	12	τῶ	DET	S-	Case=Dat|Definite=Def|Gender=Masc,Neut|Number=Sing|PronType=Dem	ὁ	det	13
1.16	13	ἐσθίεν	VERB	V-	Case=Dat|Gender=Masc|Number=Sing|Tense=Pres|VerbForm=Part|Voice=Act	ἐσθίεν	obl	10
1.16	14	καὶ	CCONJ	C-		καί	cc	13
1.16	15	πῖνεν	VERB	V-	Tense=Pres|VerbForm=Inf|Voice=Act	πῖνεν	conj	13
1.16	16	καὶ	CCONJ	C-		καί	cc	13
1.16	17	ἀφροδισιάζεν	VERB	V-	Aspect=Imp|Mood=Ind|Number=Sing|Person=3|Tense=Past|VerbForm=Fin|Voice=Act	ἀφροδισιάζεν	conj	13
1.16	18	.	PUNCT	Z		.	punct	2
1.16	19	ταῦτα	ADJ	Pd	Case=Acc|Gender=Neut|Number=Plur	οὗτος	obj	24
1.16	20	γὰρ	ADV	Df		γάρ	discourse	25
1.16	21	τοῖς	DET	S-	Case=Dat|Definite=Def|Gender=Masc|Number=Plur|PronType=Dem	ὁ	det	22
1.16	22	ἀσθενεῦντι	VERB	V-	Case=Dat|Gender=Masc|Number=Plur|Tense=Pres|VerbForm=Part|Voice=Act	ἀσθενεῦντι	iobj	24
1.16	23	〈	NUM	A-		〈	obj	24
1.16	24	ποιὲν	VERB	V-	Case=Nom|Gender=Neut|Number=Sing|Tense=Pres|VerbForm=Part|Voice=Act	ποιὲν	advcl	25
1.16	25	κακόν	ADJ	A-	Case=Acc|Degree=Pos|Gender=Neut|Number=Sing	κακός	ROOT	25
1.16	26	,	PUNCT	Z		,	punct	25
1.16	27	καὶ	CCONJ	C-		καί	cc	32
1.16	28	πάλιν	ADV	Df		πάλιν	advmod	31
1.16	29	〉	ADV	Df		〉	obj	31
1.16	30	ταῦτα	ADJ	Pd	Case=Acc|Gender=Neut|Number=Plur	οὗτος	obj	31
1.16	31	ποιὲν	VERB	V-	Case=Nom|Gender=Neut|Number=Sing|Tense=Pres|VerbForm=Part|Voice=Act	ποιὲν	advcl	32
1.16	32	ἀγαθόν	ADJ	A-	Case=Nom|Degree=Pos|Gender=Neut|Number=Sing	ἀγαθός	ROOT	32
1.16	33	ἐστιν	AUX	V-	Mood=Ind|Number=Sing|Person=3|Tense=Pres|VerbForm=Fin|Voice=Act	εἰμί	cop	32
1.16	34	αὐτοῖς	PRON	Pp	Case=Dat|Gender=Masc|Number=Plur|Person=3|PronType=Prs	αὐτός	iobj	32
1.16	35	,	PUNCT	Z	Case=Nom|Definite=Def|Gender=Neut|Number=Sing|PronType=Dem	,	ccomp	32
1.16	36	αἴπερ	PRON	Pr	Case=Nom|Gender=Fem|Number=Plur|PronType=Rel	αἴπερ	nsubj	39
1.16	37	τωὐτόν	DET	Df	Case=Nom|Gender=Neut|Number=Sing	τωὐτος	nsubj	39
1.16	38	ἐστιν	AUX	V-	Mood=Ind|Number=Sing|Person=3|Tense=Pres|VerbForm=Fin|Voice=Act	εἰμί	cop	39
1.16	39	ἀγαθὸν	ADJ	A-	Case=Nom|Degree=Pos|Gender=Neut|Number=Sing	ἀγαθός	ROOT	39
1.16	40	καὶ	CCONJ	C-		καί	cc	39
1.16	41	κακόν	ADJ	A-	Case=Nom|Degree=Pos|Gender=Neut|Number=Sing	κακός	conj	39
1.16	42	·	PUNCT	Z		·	punct	39
1.16	43	καὶ	CCONJ	C-		καί	cc	46
1.16	44	τοῖς	DET	S-	Case=Dat|Definite=Def|Gender=Masc|Number=Plur|PronType=Dem	ὁ	det	45
1.16	45	νοσέοντι	VERB	V-	Case=Dat|Gender=Masc|Number=Plur|Tense=Pres|VerbForm=Part|Voice=Act	νοσέω	iobj	46
1.16	46	κακόν	ADJ	A-	Case=Nom|Degree=Pos|Gender=Neut|Number=Sing	κακός	ROOT	46
1.16	47	ἐστι	AUX	V-	Mood=Ind|Number=Sing|Person=3|Tense=Pres|VerbForm=Fin|Voice=Act	εἰμί	cop	46
1.16	48	τὸ	DET	S-	Case=Nom|Definite=Def|Gender=Neut|Number=Sing|PronType=Dem	ὁ	det	49
1.16	49	νοσεῖν	VERB	V-	Tense=Pres|VerbForm=Inf|Voice=Act	νοσέω	nsubj	46
1.16	50	καὶ	CCONJ	C-		καί	cc	46
1.16	51	ἀγαθόν	ADJ	A-	Case=Nom|Degree=Pos|Gender=Neut|Number=Sing	ἀγαθός	conj	46
1.16	52	,	PUNCT	Z	Case=Nom|Definite=Def|Gender=Neut|Number=Sing|PronType=Dem	,	conj	46
1.16	53	αἴπερ	PRON	Pr	Case=Nom|Gender=Fem|Number=Plur|PronType=Rel	αἴπερ	nsubj	54
1.16	54	τωὐτόν	DET	Px	Case=Nom|Gender=Neut|Number=Sing	τωὐτος	ROOT	54
1.16	55	ἐστι	AUX	V-	Mood=Ind|Number=Sing|Person=3|Tense=Pres|VerbForm=Fin|Voice=Act	εἰμί	cop	54
1.16	56	τὸ	DET	S-	Case=Nom|Definite=Def|Gender=Neut|Number=Sing|PronType=Dem	ὁ	det	57
1.16	57	ἀγαθὸν	ADJ	A-	Case=Nom|Degree=Pos|Gender=Neut|Number=Sing	ἀγαθός	nsubj	54
1.16	58	τῶι	DET	S-	Case=Dat|Definite=Def|Gender=Masc,Neut|Number=Sing|PronType=Dem	τῷ	det	59
1.16	59	κακῶι	ADJ	A-	Case=Dat|Degree=Pos|Gender=Masc|Number=Sing	κακῶι	iobj	54
1.16	60	.	PUNCT	Z		.	punct	54
1.17	0	(	PUNCT	Pp		(	dep	5
1.17	1	(	PUNCT	Pp	Case=Nom|Gender=Masc|Number=Sing|PronType=Rel	(	case	0
1.17	2	17	ADV	Df		17	discourse	0
1.17	3	)	ADV	Z		)	discourse	2
1.17	4	)	ADV	Z		)	discourse	0
1.17	5	καδδὲ	ADV	Df		καδδὲ	ROOT	5
1.17	6	τόδε	ADJ	Pd	Case=Acc|Gender=Neut|Number=Sing	ὅδε	nsubj	5
1.17	7	καὶ	CCONJ	C-		καί	cc	6
1.17	8	τἆ	DET	Px	Case=Nom|Gender=Neut|Number=Plur	τἆ	det	9
1.17	9	λλα	DET	Px	Case=Nom|Gender=Neut|Number=Plur	λλος	nsubj	5
1.17	10	πάντα	DET	Px	Case=Nom|Gender=Neut|Number=Plur	πᾶς	det	9
1.17	11	,	PUNCT	Z		,	cc	6
1.17	12	τὰ	PRON	Pr	Case=Nom|Gender=Neut|Number=Plur|PronType=Rel	ὁ	nsubj:pass	17
1.17	13	ἐν	ADP	R-		ἐν	case	16
1.17	14	τῶι	DET	S-	Case=Dat|Definite=Def|Gender=Masc|Number=Sing|PronType=Dem	τῷ	det	16
1.17	15	ἔμπροσθεν	ADV	Df		ἔμπροσθεν	amod	16
1.17	16	λόγωι	NOUN	Nb	Case=Dat|Gender=Masc|Number=Sing	λόγωι	obl	17
1.17	17	εἴρηται	VERB	V-	Aspect=Perf|Mood=Ind|Number=Sing|Person=3|Tense=Past|VerbForm=Fin|Voice=Pass	λέγω	ROOT	17
1.17	18	.	PUNCT	Z		.	ROOT	18
1.17	19	καὶ	CCONJ	C-		καί	cc	21
1.17	20	οὐ	ADV	Df	Polarity=Neg	οὐ	advmod	21
1.17	21	λέγω	VERB	V-	Mood=Ind|Number=Sing|Person=1|Tense=Pres|VerbForm=Fin|Voice=Act	λέγω	ROOT	21
1.17	22	,	PUNCT	Z		,	ccomp	21
1.17	23	τί	PRON	Pi	Case=Nom|Gender=Neut|Number=Sing|PronType=Int	τίς	ccomp	21
1.17	24	ἐστι	AUX	V-	Mood=Ind|Number=Sing|Person=3|Tense=Pres|VerbForm=Fin|Voice=Act	εἰμί	cop	23
1.17	25	τὸ	DET	S-	Case=Nom|Definite=Def|Gender=Neut|Number=Sing|PronType=Dem	ὁ	det	26
1.17	26	ἀγαθόν	ADJ	A-	Case=Nom|Degree=Pos|Gender=Neut|Number=Sing	ἀγαθός	nsubj	23
1.17	27	,	PUNCT	Z		,	parataxis	21
1.17	28	ἀλλὰ	CCONJ	C-		ἀλλά	cc	21
1.17	29	τοῦτο	ADJ	Pd	Case=Acc|Gender=Neut|Number=Sing	οὗτος	obj	31
1.17	30	πειρῶμαι	VERB	V-	Mood=Ind|Number=Sing|Person=1|Tense=Pres|VerbForm=Fin|Voice=Mid	πειράω	conj	21
1.17	31	διδάσκειν	VERB	V-	Tense=Pres|VerbForm=Inf|Voice=Act	διδάσκω	xcomp	30
1.17	32	,	PUNCT	Z		,	ccomp	21
1.17	33	ὡς	SCONJ	G-		ὡς	mark	36
1.17	34	οὐ	ADV	Df	Polarity=Neg	οὐ	advmod	35
1.17	35	τωὐτὸν	ADJ	A-	Case=Nom|Degree=Pos|Gender=Neut|Number=Sing	τωὐτός	ccomp	36
1.17	36	[	PUNCT	A-	Case=Nom|Gender=Neut|Number=Sing	[	ROOT	36
1.17	37	εἴη	AUX	V-	Mood=Opt|Number=Sing|Person=3|Tense=Pres|VerbForm=Fin|Voice=Act	εἰμί	cop	36
1.17	38	]	CCONJ	Z		]	dep	36
1.17	39	τὸ	DET	S-	Case=Nom|Definite=Def|Gender=Neut|Number=Sing|PronType=Dem	ὁ	det	40
1.17	40	κακὸν	ADJ	A-	Case=Nom|Degree=Pos|Gender=Neut|Number=Sing	κακός	nsubj	38
1.17	41	καὶ	CCONJ	C-		καί	cc	40
1.17	42	τἀγαθόν	ADJ	A-	Case=Nom|Degree=Pos|Gender=Neut|Number=Sing	ἀγαθός	conj	40
1.17	43	,	PUNCT	Z		,	ROOT	43
1.17	44	ἀλλ’	CCONJ	C-		ἀλλ’	cc	43
1.17	45	ἑκάτερον	ADJ	A-	Case=Nom|Degree=Pos|Gender=Neut|Number=Sing	ἑκάτερος	conj	43
1.17	46	.	PUNCT	Z		.	punct	43
2.1	0	(	PUNCT	Df		(	ROOT	0
2.1	1	(	PUNCT	Pp		(	cc	2
2.1	2	1	ADV	Df		1	ROOT	2
2.1	3	)	SCONJ	Z		)	ROOT	3
2.1	4	)	ADV	Z		)	vocative	5
2.1	5	λέγονται	VERB	V-	Mood=Ind|Number=Plur|Person=3|Tense=Pres|VerbForm=Fin|Voice=Pass	λέγω	ROOT	5
2.1	6	δὲ	ADV	Df		δέ	discourse	5
2.1	7	καὶ	CCONJ	C-		καί	cc	10
2.1	8	περὶ	ADP	R-		περί	case	10
2.1	9	τῶ	DET	S-	Case=Dat|Definite=Def|Gender=Masc,Neut|Number=Sing|PronType=Dem	ὁ	det	10
2.1	10	καλῶ	ADJ	A-	Case=Dat|Degree=Pos|Gender=Neut|Number=Sing	καλέω	obl:agent	5
2.1	11	καὶ	CCONJ	C-		καί	cc	10
2.1	12	〈	ADP	R-		〈	case	15
2.1	13	τῶ	DET	S-	Case=Dat|Definite=Def|Gender=Neut|Number=Sing|PronType=Dem	ὁ	det	15
2.1	14	〉	ADV	Df		〉	amod	15
2.1	15	αἰσχρῶ	ADJ	A-	Case=Dat|Degree=Pos|Gender=Neut|Number=Sing	αἰσχρῶ	conj	10
2.1	16	δισσοὶ	ADJ	A-	Case=Nom|Degree=Pos|Gender=Masc|Number=Plur	δισσός	amod	17
2.1	17	λόγοι	NOUN	Nb	Case=Nom|Gender=Masc|Number=Plur	λόγος	nsubj:pass	5
2.1	18	.	PUNCT	Z		.	punct	5
2.1	19	τοὶ	PRON	Pp	Case=Dat|Gender=Masc|Number=Sing|Person=2|PronType=Prs	σύ	iobj	22
2.1	20	μὲν	ADV	Df		μέν	discourse	22
2.1	21	γάρ	ADV	Df		γάρ	discourse	22
2.1	22	φαντι	VERB	V-	Aspect=Perf|Mood=Imp|Number=Plur|Person=3|Tense=Past|VerbForm=Fin|Voice=Act	φαις	ROOT	22
2.1	23	,	PUNCT	Z		,	punct	22
2.1	24	ἄλλο	ADJ	Px	Case=Acc|Gender=Neut|Number=Sing	ἄλλος	ROOT	24
2.1	25	μὲν	ADV	Df		μέν	discourse	24
2.1	26	ἦμεν	AUX	V-	Aspect=Imp|Mood=Ind|Number=Plur|Person=1|Tense=Past|VerbForm=Fin|Voice=Act	εἰμί	cop	24
2.1	27	τὸ	DET	S-	Case=Nom|Definite=Def|Gender=Neut|Number=Sing|PronType=Dem	ὁ	det	28
2.1	28	καλόν	ADJ	A-	Case=Nom|Degree=Pos|Gender=Neut|Number=Sing	καλός	nsubj	24
2.1	29	,	PUNCT	Z		,	cop	24
2.1	30	ἄλλο	ADJ	Px	Case=Nom|Gender=Neut|Number=Sing	ἄλλος	conj	24
2.1	31	δὲ	ADV	Df		δέ	discourse	30
2.1	32	τὸ	DET	S-	Case=Nom|Definite=Def|Gender=Neut|Number=Sing|PronType=Dem	ὁ	det	33
2.1	33	αἰσχρόν	ADJ	A-	Case=Nom|Degree=Pos|Gender=Neut|Number=Sing	αἰσχρός	nsubj	30
2.1	34	,	PUNCT	Z		,	punct	24
2.1	35	διαφέρον	VERB	V-	Case=Nom|Gender=Neut|Number=Sing|Tense=Pres|VerbForm=Part|Voice=Act	διαφέρω	ROOT	35
2.1	36	,	PUNCT	Z		,	obl	35
2.1	37	ὥσπερ	ADV	Df		ὥσπερ	advmod	35
2.1	38	καὶ	ADV	Df		καί	advmod	39
2.1	39	τὤνυμα	NOUN	Nb	Case=Gen|Gender=Neut|Number=Plur	τὤνυμος	nsubj	37
2.1	40	,	PUNCT	Z		,	dislocated	35
2.1	41	οὕτω	ADV	Df		οὕτως	advmod	35
2.1	42	καὶ	ADV	Df		καί	advmod	44
2.1	43	τὸ	DET	S-	Case=Nom|Definite=Def|Gender=Neut|Number=Sing|PronType=Dem	ὁ	det	44
2.1	44	πρᾶγμα	NOUN	Nb	Case=Nom|Gender=Neut|Number=Sing	πρᾶγμα	nsubj	41
2.1	45	·	PUNCT	Z		·	punct	35
2.1	46	τοὶ	PRON	Pp	Case=Dat|Gender=Masc|Number=Sing|Person=2|PronType=Prs	σύ	obl	49
2.1	47	δὲ	ADV	Df		δέ	discourse	49
2.1	48	τωὐτὸ	ADJ	A-	Case=Nom|Degree=Pos|Gender=Neut|Number=Sing	αὐτός	cc	49
2.1	49	καλὸν	ADJ	A-	Case=Nom|Degree=Pos|Gender=Neut|Number=Sing	καλός	ROOT	49
2.1	50	καὶ	CCONJ	C-		καί	cc	49
2.1	51	αἰσχρόν	ADJ	A-	Case=Nom|Degree=Pos|Gender=Neut|Number=Sing	αἰσχρός	conj	49
2.1	52	.	PUNCT	Z		.	punct	49
2.2	0	(	PUNCT	Df		(	ROOT	0
2.2	1	(	PUNCT	Pk	Case=Nom|Gender=Masc|Number=Sing|PronType=Int	(	cc	7
2.2	2	2	ADV	Df		2	advmod	7
2.2	3	)	ADV	Z		)	discourse	2
2.2	4	)	ADV	Z		)	discourse	2
2.2	5	κἀ	PRON	Pp	Case=Nom|Gender=Masc|Number=Sing|Person=1|PronType=Prs	κἀ	nsubj	7
2.2	6	γὼ	PRON	Pp	Case=Nom|Gender=Masc|Number=Sing|Person=1|PronType=Prs	γὼ	nsubj	7
2.2	7	πειρασεῦμαι	VERB	V-	Mood=Ind|Number=Sing|Person=1|Tense=Pres|VerbForm=Fin|Voice=Mid	πειρασεῦμαι	ROOT	7
2.2	8	,	PUNCT	Z		,	punct	7
2.2	9	τόνδε	DET	Pd	Case=Acc|Gender=Masc|Number=Sing	ὅδε	det	11
2.2	10	τὸν	DET	S-	Case=Acc|Definite=Def|Gender=Masc|Number=Sing|PronType=Dem	ὁ	det	11
2.2	11	τρόπον	NOUN	Nb	Case=Acc|Gender=Masc|Number=Sing	τρόπος	obl	12
2.2	12	ἐξαγεύμενος	VERB	V-	Case=Nom|Gender=Masc|Number=Sing|Tense=Pres|VerbForm=Part|Voice=Mid	ἐξαγεύμενος	ROOT	12
2.2	13	.	PUNCT	Z		.	ROOT	13
2.2	14	αὐτίκα	ADV	Df		αὐτίκα	advmod	24
2.2	15	γὰρ	ADV	Df		γάρ	discourse	24
2.2	16	παιδὶ	NOUN	Nb	Case=Dat|Gender=Masc|Number=Sing	παῖς	nmod	18
2.2	17	ὡραίωι	ADJ	A-	Case=Dat|Degree=Pos|Gender=Masc|Number=Sing	ὡραίωι	amod	16
2.2	18	ἐραστᾶι	NOUN	Nb	Case=Nom|Gender=Masc|Number=Plur	ἐραστᾶι	ccomp	24
2.2	19	μὲν	ADV	Df		μέν	discourse	18
2.2	20	[	PUNCT	Df		[	dep	18
2.2	21	χρηστῶι	ADJ	A-	Case=Dat|Degree=Pos|Gender=Masc|Number=Sing	χρηστῶι	amod	18
2.2	22	]	ADV	Z		]	xcomp	23
2.2	23	χαρίζεσθαι	VERB	V-	Tense=Pres|VerbForm=Inf|Voice=Mid	χαρίζω	ccomp	24
2.2	24	καλόν	ADJ	A-	Case=Nom|Degree=Pos|Gender=Neut|Number=Sing	καλός	ROOT	24
2.2	25	,	PUNCT	Z		,	punct	24
2.2	26	μὴ	ADV	Df	Polarity=Neg	μή	advmod	27
2.2	27	ἐραστᾶι	NOUN	Nb	Case=Nom|Gender=Masc|Number=Plur	ἐραστᾶι	dep	32
2.2	28	δὲ	ADV	Df		δέ	discourse	32
2.2	29	[	PUNCT	Df	Case=Dat|Definite=Def|Gender=Masc,Neut|Number=Sing|PronType=Dem	[	appos	32
2.2	30	καλῶι	ADJ	A-	Case=Dat|Degree=Pos|Gender=Masc|Number=Sing	καλῶι	amod	29
2.2	31	]	ADV	Z		]ς	dep	32
2.2	32	αἰσχρόν	ADJ	A-	Case=Nom|Degree=Pos|Gender=Neut|Number=Sing	αἰσχρός	ROOT	32
2.2	33	.	PUNCT	Z		.	punct	32
2.3	0	(	PUNCT	Pr		(	det	10
2.3	1	(	PUNCT	Pk		(	cc	10
2.3	2	3	ADV	Df		3	discourse	10
2.3	3	)	ADV	Z		)	discourse	2
2.3	4	)	ADV	Z		)	discourse	2
2.3	5	καὶ	ADV	Df		καί	advmod	7
2.3	6	τὰς	DET	S-	Case=Acc|Definite=Def|Gender=Fem|Number=Plur|PronType=Dem	ὁ	det	7
2.3	7	γυναῖκας	NOUN	Nb	Case=Acc|Gender=Fem|Number=Plur	γυνή	obj	8
2.3	8	λοῦσθαι	VERB	V-	Aspect=Perf|Tense=Past|VerbForm=Inf|Voice=Mid	λούω	ccomp	2
2.3	9	ἔνδοι	ADJ	Df	Case=Acc|Degree=Pos|Gender=Neut|Number=Sing	ἔνδος	advmod	10
2.3	10	καλόν	ADJ	A-	Case=Acc|Degree=Pos|Gender=Neut|Number=Sing	καλός	ROOT	10
2.3	11	,	PUNCT	Z		,	punct	10
2.3	12	ἐν	ADP	R-		ἐν	case	13
2.3	13	παλαίστραι	NOUN	Nb	Case=Dat|Gender=Fem|Number=Sing	παλαίστρος	obl	15
2.3	14	δὲ	ADV	Df		δέ	discourse	15
2.3	15	αἰσχρόν	ADJ	A-	Case=Nom|Degree=Pos|Gender=Neut|Number=Sing	αἰσχρός	ROOT	15
2.3	16	(	PUNCT	C-	Polarity=Neg	(	nsubj	15
2.3	17	ἀλλὰ	CCONJ	C-		ἀλλά	cc	15
2.3	18	τοῖς	DET	S-	Case=Dat|Definite=Def|Gender=Masc|Number=Plur|PronType=Dem	ὁ	det	19
2.3	19	ἀνδράσιν	NOUN	Nb	Case=Dat|Gender=Masc|Number=Plur	ἀνήρ	iobj	25
2.3	20	ἐν	ADP	R-		ἐν	case	21
2.3	21	παλαίστραι	NOUN	Nb	Case=Dat|Gender=Fem|Number=Sing	παλαίστρος	nmod	19
2.3	22	καὶ	CCONJ	C-		καί	cc	21
2.3	23	ἐν	ADP	R-		ἐν	case	24
2.3	24	γυμνασίωι	NOUN	Nb	Case=Dat|Gender=Neut|Number=Sing	γυμνασίωι	conj	21
2.3	25	καλόν).	ADJ	A-	Case=Nom|Degree=Pos|Gender=Neut|Number=Sing	καλόν).	conj	15
2.4	0	(	PUNCT	Pr		(	ROOT	0
2.4	1	(	PUNCT	Pk		(	ROOT	1
2.4	2	4	ADV	Df		4	dep	1
2.4	3	)	ADV	Z		)	discourse	2
2.4	4	)	ADV	Z		)	dep	2
2.4	5	καὶ	CCONJ	C-		καί	cc	1
2.4	6	συνίμεν	VERB	V-	Mood=Ind|Number=Plur|Person=1|Tense=Pres|VerbForm=Fin|Voice=Act	σύνειμι	conj	1
2.4	7	τῶι	DET	S-	Case=Dat|Definite=Def|Gender=Masc|Number=Sing|PronType=Dem	τῷ	det	8
2.4	8	ἀνδρὶ	NOUN	Nb	Case=Dat|Gender=Masc|Number=Sing	ἀνήρ	iobj	6
2.4	9	ἐν	ADP	R-		ἐν	case	10
2.4	10	ἁσυχίαι	NOUN	Nb	Case=Dat|Gender=Fem|Number=Sing	ἁσυχία	obl	12
2.4	11	μὲν	ADV	Df		μέν	discourse	12
2.4	12	καλόν	ADJ	A-	Case=Nom|Degree=Pos|Gender=Neut|Number=Sing	καλός	conj	1
2.4	13	,	PUNCT	Z		,	punct	1
2.4	14	ὅπου	ADV	Dq	PronType=Rel	ὅπου	advmod	16
2.4	15	τοίχοις	NOUN	Nb	Case=Dat|Gender=Neut|Number=Plur	τοῖχος	obl	16
2.4	16	κρυφθήσεται	VERB	V-	Mood=Ind|Number=Sing|Person=3|Tense=Fut|VerbForm=Fin|Voice=Pass	κρυφθήσω	ROOT	16
2.4	17	·	PUNCT	Z		·	ROOT	17
2.4	18	ἔξω	ADV	Df		ἔξω	advmod	20
2.4	19	δὲ	ADV	Df		δέ	discourse	20
2.4	20	αἰσχρόν	ADJ	A-	Case=Nom|Degree=Pos|Gender=Neut|Number=Sing	αἰσχρός	ROOT	20
2.4	21	,	PUNCT	Z		,	punct	20
2.4	22	ὅπου	ADV	Dq	PronType=Rel	ὅπου	advmod	24
2.4	23	τις	ADJ	Px	Case=Nom|Gender=Masc|Number=Sing	τίς	nsubj	24
2.4	24	ὄψεται	VERB	V-	Mood=Ind|Number=Sing|Person=3|Tense=Fut|VerbForm=Fin|Voice=Mid	ὁράω	ROOT	24
2.4	25	.	PUNCT	Z		.	punct	24
2.5	0	(	PUNCT	Pr		(	ROOT	0
2.5	1	(	PUNCT	Pk		(	ROOT	1
2.5	2	5	ADV	Df		5	discourse	1
2.5	3	)	ADV	Z		)	discourse	2
2.5	4	)	ADV	Z		)	dep	1
2.5	5	καὶ	CCONJ	C-		καί	cc	1
2.5	6	τῶι	DET	S-	Case=Dat|Definite=Def|Gender=Masc|Number=Sing|PronType=Dem	τῷ	det	10
2.5	7	μὲν	ADV	Df		μέν	discourse	9
2.5	8	αὐτᾶς	PRON	Pp	Case=Acc|Gender=Fem|Number=Plur|Person=3|PronType=Prs	αὐτός	obj	9
2.5	9	συνίμεν	VERB	V-	Mood=Ind|Number=Plur|Person=1|Tense=Pres|VerbForm=Fin|Voice=Act	σύνειμι	conj	1
2.5	10	ἀνδρὶ	NOUN	Nb	Case=Dat|Gender=Masc|Number=Sing	ἀνήρ	iobj	9
2.5	11	καλόν	ADJ	A-	Case=Nom|Degree=Pos|Gender=Neut|Number=Sing	καλός	conj	1
2.5	12	,	PUNCT	Z		,	ROOT	12
2.5	13	ἀλλοτρίωι	ADJ	A-	Case=Dat|Degree=Pos|Gender=Masc|Number=Sing	ἀλλοτρίως	dep	15
2.5	14	δὲ	ADV	Df		δέ	discourse	15
2.5	15	αἴσχιστον	ADJ	A-	Case=Nom|Degree=Sup|Gender=Neut|Number=Sing	αἰσχρός	conj	12
2.5	16	·	PUNCT	Z		·	ROOT	16
2.5	17	καὶ	CCONJ	C-		καί	cc	26
2.5	18	τῶι	DET	S-	Case=Dat|Definite=Def|Gender=Masc|Number=Sing|PronType=Dem	τῷ	det	21
2.5	19	γ	ADV	Df		ΑΒΓ	amod	21
2.5	20	’	ADV	Df	Polarity=Neg	’	amod	21
2.5	21	ἀνδρὶ	NOUN	Nb	Case=Dat|Gender=Masc|Number=Sing	ἀνήρ	iobj	26
2.5	22	τᾶι	DET	Pp	Case=Dat|Definite=Def|Gender=Fem|Number=Plur|PronType=Dem	ὁ	det	21
2.5	23	μὲν	ADV	Df		μέν	discourse	26
2.5	24	ἑαυτῶ	PRON	Pk	Case=Dat|Gender=Masc|Number=Sing|Person=3|PronType=Prs|Reflex=Yes	ἑαυτοῦ	det	25
2.5	25	γυναικὶ	NOUN	Nb	Case=Dat|Gender=Fem|Number=Sing	γυνή	iobj	26
2.5	26	συνίμεν	VERB	V-	Mood=Ind|Number=Plur|Person=1|Tense=Pres|VerbForm=Fin|Voice=Act	σύνειμι	ROOT	26
2.5	27	καλόν	ADJ	A-	Case=Nom|Degree=Pos|Gender=Neut|Number=Sing	καλός	amod	26
2.5	28	,	PUNCT	Z		,	punct	26
2.5	29	ἀλλοτρίαι	ADJ	A-	Case=Dat|Degree=Pos|Gender=Fem|Number=Sing	ἀλλοτρία	orphan	31
2.5	30	δὲ	ADV	Df		δέ	discourse	31
2.5	31	αἰσχρόν	ADJ	A-	Case=Nom|Degree=Pos|Gender=Neut|Number=Sing	αἰσχρός	ROOT	31
2.5	32	.	PUNCT	Z		.	punct	31
2.6	0	(	PUNCT	Df		(	ROOT	0
2.6	1	(	PUNCT	Df		(	dep	2
2.6	2	6	ADV	Df		6	ROOT	2
2.6	3	)	ADV	Z		)	dep	2
2.6	4	)	ADV	Z		)	dep	2
2.6	5	καὶ	CCONJ	C-		καί	cc	6
2.6	6	κοσμεῖσθαι	VERB	V-	Tense=Pres|VerbForm=Inf|Voice=Pass	κοσμέω	conj	2
2.6	7	καὶ	CCONJ	C-		καί	cc	2
2.6	8	ψιμυθίωι	NOUN	Nb	Case=Dat|Gender=Neut|Number=Sing	ψιμυθίως	iobj	9
2.6	9	χρίεσθαι	VERB	V-	Tense=Pres|VerbForm=Inf|Voice=Pass	χρίω	conj	2
2.6	10	καὶ	CCONJ	C-		καί	cc	2
2.6	11	χρυσία	NOUN	Nb	Case=Acc|Gender=Neut|Number=Plur	χρύσεος	obj	12
2.6	12	περιάπτεσθαι	VERB	V-	Tense=Pres|VerbForm=Inf|Voice=Mid	περιάπτομαι	conj	2
2.6	13	,	PUNCT	Z		,	punct	2
2.6	14	τῶι	DET	S-	Case=Dat|Definite=Def|Gender=Masc|Number=Sing|PronType=Dem	τῷ	det	16
2.6	15	μὲν	ADV	Df		μέν	discourse	17
2.6	16	ἀνδρὶ	NOUN	Nb	Case=Dat|Gender=Masc|Number=Sing	ἀνήρ	iobj	17
2.6	17	αἰσχρόν	ADJ	A-	Case=Nom|Degree=Pos|Gender=Neut|Number=Sing	αἰσχρός	ROOT	17
2.6	18	,	PUNCT	Z		,	punct	17
2.6	19	τᾶι	DET	S-	Case=Dat|Definite=Def|Gender=Fem|Number=Plur|PronType=Dem	τᾶι	det	22
2.6	20	δὲ	ADV	Df		δέ	discourse	22
2.6	21	γυναικὶ	NOUN	Nb	Case=Dat|Gender=Fem|Number=Sing	γυνή	iobj	22
2.6	22	καλόν	ADJ	A-	Case=Nom|Degree=Pos|Gender=Neut|Number=Sing	καλός	ROOT	22
2.6	23	.	PUNCT	Z		.	punct	22
2.7	0	(	PUNCT	Df		(	dep	1
2.7	1	(	PUNCT	Df	Case=Nom|Gender=Masc|Number=Sing	(	cc	11
2.7	2	7	ADV	Df		7	discourse	1
2.7	3	)	ADV	Z		)	discourse	2
2.7	4	)	ADV	Z		)	dep	1
2.7	5	καὶ	CCONJ	C-		καί	cc	11
2.7	6	τὼς	ADV	Df		τώς	discourse	11
2.7	7	μὲν	ADV	Df		μέν	discourse	11
2.7	8	φίλως	ADV	Df		φίλος	obl	11
2.7	9	εὖ	ADV	Df		εὖ	advmod	10
2.7	10	ποιὲν	VERB	V-	Tense=Pres|VerbForm=Inf|Voice=Act	ποιὲν	xcomp	11
2.7	11	καλόν	ADJ	A-	Case=Nom|Degree=Pos|Gender=Neut|Number=Sing	καλός	ROOT	11
2.7	12	,	PUNCT	Z		,	punct	11
2.7	13	τὼς	ADV	S-		τώς	discourse	16
2.7	14	δὲ	ADV	Df		δέ	discourse	15
2.7	15	ἐχθρὼς	ADV	Df	Degree=Pos	ἐχθρώς	orphan	16
2.7	16	αἰσχρόν	ADJ	A-	Case=Nom|Degree=Pos|Gender=Neut|Number=Sing	αἰσχρός	ROOT	16
2.7	17	.	PUNCT	Z		.	punct	16
2.7	18	καὶ	CCONJ	C-		καί	cc	23
2.7	19	τὼς	ADV	S-		τώς	det	21
2.7	20	μὲν	ADV	Df		μέν	discourse	23
2.7	21	πολεμίως	ADJ	A-	Case=Acc|Degree=Pos|Gender=Masc|Number=Plur	πολέμιος	advmod	23
2.7	22	φεύγεν	VERB	V-	Tense=Pres|VerbForm=Inf|Voice=Act	φεύγεν	ccomp	23
2.7	23	αἰσχρόν	ADJ	A-	Case=Nom|Degree=Pos|Gender=Neut|Number=Sing	αἰσχρός	ROOT	23
2.7	24	,	PUNCT	Z		,	punct	23
2.7	25	τὼς	ADV	S-		τώς	dep	30
2.7	26	δὲ	ADV	Df		δέ	discourse	30
2.7	27	ἐν	ADP	R-		ἐν	case	28
2.7	28	σταδίωι	NOUN	Nb	Case=Dat|Gender=Neut|Number=Sing	σταδίωι	orphan	29
2.7	29	ἀνταγωνιστὰς	NOUN	Nb	Case=Acc|Gender=Masc|Number=Plur	ἀνταγωνιστής	orphan	30
2.7	30	καλόν	ADJ	A-	Case=Nom|Degree=Pos|Gender=Neut|Number=Sing	καλός	ROOT	30
2.7	31	.	PUNCT	Z		.	punct	30
2.8	0	(	PUNCT	Df		(	dep	1
2.8	1	(	PUNCT	Df		(	advmod	12
2.8	2	8)	ADV	Df		8)	discourse	1
2.8	3	)	ADV	Z		)	dep	1
2.8	4	καὶ	CCONJ	C-		καί	cc	12
2.8	5	τὼς	ADV	Df		τώς	advmod	12
2.8	6	μὲν	ADV	Df		μέν	discourse	12
2.8	7	φίλως	ADV	Df		φίλος	obl	11
2.8	8	καὶ	CCONJ	C-		καί	cc	7
2.8	9	τὼς	ADV	Df		τώς	det	10
2.8	10	πολίτας	NOUN	Nb	Case=Acc|Gender=Masc|Number=Plur	πολίτης	conj	7
2.8	11	φονεύεν	VERB	V-	Tense=Pres|VerbForm=Inf|Voice=Act	φονεύω	ccomp	12
2.8	12	αἰσχρόν	ADJ	A-	Case=Nom|Degree=Pos|Gender=Neut|Number=Sing	αἰσχρός	ROOT	12
2.8	13	,	PUNCT	Z		,	punct	12
2.8	14	τὼς	ADV	Df		τώς	dep	17
2.8	15	δὲ	ADV	Df		δέ	discourse	17
2.8	16	πολεμίως	ADV	Df	Degree=Pos	πολέμιος	advmod	17
2.8	17	καλόν	ADJ	A-	Case=Nom|Degree=Pos|Gender=Neut|Number=Sing	καλός	ROOT	17
2.8	18	.	PUNCT	Z		.	punct	17
2.8	19	καὶ	CCONJ	C-		καί	cc	20
2.8	20	τάδε	ADJ	Pd	Case=Nom|Gender=Neut|Number=Plur	ὅδε	nsubj	23
2.8	21	μὲν	ADV	Df		μέν	discourse	20
2.8	22	περὶ	ADP	R-		περί	case	23
2.8	23	πάντων	ADJ	Px	Case=Gen|Gender=Masc|Number=Plur	πᾶς	ROOT	23
2.8	24	.	PUNCT	Z		.	punct	23
2.9	0	(	PUNCT	Df		(	ROOT	0
2.9	1	(	PUNCT	Df		(	nsubj	7
2.9	2	9	ADV	Df		9	discourse	1
2.9	3	)	ADV	Z		)	discourse	2
2.9	4	)	ADV	Z		)	dep	1
2.9	5	εἶμι	AUX	V-	Mood=Ind|Number=Sing|Person=1|Tense=Pres|VerbForm=Fin|Voice=Act	εἶμι	cop	6
2.9	6	δ’	ADV	Df		δ’	discourse	1
2.9	7	〈	CCONJ	C-		〈	ROOT	7
2.9	8	ἐφ	ADP	R-		ἐφ	case	9
2.9	9	’	CCONJ	C-		’	obl	7
2.9	10	〉	CCONJ	V-		〉	conj	7
2.9	11	ἃ	PRON	Pr	Case=Acc|Gender=Neut|Number=Plur|PronType=Rel	ὅς	det	13
2.9	12	ταὶ	DET	S-	Case=Nom|Definite=Def|Gender=Fem|Number=Plur|PronType=Dem	ὁ	det	13
2.9	13	πόλιες	NOUN	Nb	Case=Nom|Gender=Fem|Number=Plur	πόλις	nsubj	10
2.9	14	·	PUNCT	Z		·	punct	7
2.9	15	[	PUNCT	Df		[	dep	19
2.9	16	τε	CCONJ	C-		τε	cc	19
2.9	17	]	ADV	Z		]	discourse	19
2.9	18	αἰσχρὰ	ADJ	A-	Case=Acc|Degree=Pos|Gender=Neut|Number=Plur	αἰσχρός	obj	19
2.9	19	ἅγηνται	VERB	V-	Mood=Ind|Number=Plur|Person=3|Tense=Pres|VerbForm=Fin|Voice=Mid	ἅγηνται	ROOT	19
2.9	20	καὶ	CCONJ	C-		καί	cc	18
2.9	21	τὰ	DET	S-	Case=Acc|Definite=Def|Gender=Neut|Number=Plur|PronType=Dem	ὁ	det	22
2.9	22	ἔθνεα	NOUN	Nb	Case=Nom|Gender=Neut|Number=Plur	ἔθνος	conj	19
2.9	23	.	PUNCT	Z		.	punct	19
2.9	24	αὐτίκα	ADV	Df		αὐτίκα	advmod	28
2.9	25	Λακεδαιμονίοις	ADJ	A-	Case=Dat|Degree=Pos|Gender=Masc|Number=Sing	Λακεδαιμόνιος	advmod	28
2.9	26	τὰς	DET	S-	Case=Acc|Definite=Def|Gender=Fem|Number=Plur|PronType=Dem	ὁ	det	27
2.9	27	κόρας	NOUN	Nb	Case=Acc|Gender=Fem|Number=Plur	κόρη	obj	28
2.9	28	γυμνάζεσθαι	VERB	V-	Tense=Pres|VerbForm=Inf|Voice=Mid	γυμνάζομαι	ROOT	28
2.9	29	〈	ADV	Df		〈	advmod	28
2.9	30	καὶ	CCONJ	C-		καί	cc	28
2.9	31	〉	ADV	Df		〉	obj	35
2.9	32	ἀχειριδώτως	ADV	Df	Degree=Pos	ἀχειριδώτως	advmod	35
2.9	33	καὶ	CCONJ	C-		καί	cc	32
2.9	34	ἀχίτωνας	NOUN	Nb	Case=Acc|Gender=Masc|Number=Plur	ἀχίτωνη	conj	32
2.9	35	παρέρπεν	VERB	V-	Aspect=Imp|Mood=Ind|Number=Sing|Person=3|Tense=Past|VerbForm=Fin|Voice=Act	παρέρπω	conj	28
2.9	36	καλόν	ADJ	A-	Case=Acc|Degree=Pos|Gender=Neut|Number=Sing	καλός	obj	35
2.9	37	·	PUNCT	Z		·	punct	28
2.9	38	Ἴωσι	NOUN	Nb	Case=Dat|Gender=Masc|Number=Plur	Ἴων	iobj	40
2.9	39	δὲ	ADV	Df		δέ	discourse	40
2.9	40	αἰσχρόν	ADJ	A-	Case=Nom|Degree=Pos|Gender=Neut|Number=Sing	αἰσχρός	ROOT	40
2.9	41	.	PUNCT	Z		.	punct	40
2.10	0	(	PUNCT	R-		(	case	1
2.10	1	(	PUNCT	Pp		(	cc	17
2.10	2	10	ADV	Df		10	discourse	1
2.10	3	)	ADV	Z		)	discourse	1
2.10	4	)	ADV	Z		)	discourse	1
2.10	5	καὶ	CCONJ	C-		καί	cc	6
2.10	6	〈	ADV	Df		〈	advmod	17
2.10	7	τοῖς	PRON	Pp	Case=Dat|Gender=Masc|Number=Plur|Person=3|PronType=Prs	ὁ	obl	17
2.10	8	μὲν	ADV	Df		μέν	discourse	17
2.10	9	〉	ADV	Df		〉	ccomp	17
2.10	10	τὼς	ADV	Df		τώς	discourse	13
2.10	11	παῖδας	NOUN	Nb	Case=Acc|Gender=Masc|Number=Plur	παῖς	nsubj	13
2.10	12	μὴ	ADV	Df	Polarity=Neg	μή	advmod	13
2.10	13	μανθάνειν	VERB	V-	Tense=Pres|VerbForm=Inf|Voice=Act	μανθάνω	ccomp	17
2.10	14	μωσικὰ	ADJ	A-	Case=Acc|Degree=Pos|Gender=Neut|Number=Plur	μωσικός	obj	13
2.10	15	καὶ	CCONJ	C-		καί	cc	13
2.10	16	γράμματα	NOUN	Nb	Case=Acc|Gender=Neut|Number=Plur	γράμμα	conj	13
2.10	17	καλόν	ADJ	A-	Case=Nom|Degree=Pos|Gender=Neut|Number=Sing	καλός	ROOT	17
2.10	18	·	PUNCT	Z		·	punct	17
2.10	19	Ἴωσι	NOUN	Nb	Case=Dat|Gender=Masc|Number=Plur	Ἴων	obl	21
2.10	20	δ’	ADV	Df		δ’	discourse	21
2.10	21	αἰσχρὸν	ADJ	A-	Case=Nom|Degree=Pos|Gender=Neut|Number=Sing	αἰσχρός	ROOT	21
2.10	22	μὴ	ADV	Df	Polarity=Neg	μή	advmod	23
2.10	23	ἐπίστασθαι	VERB	V-	Aspect=Perf|Tense=Past|VerbForm=Inf|Voice=Mid	ἐπίσταμαι	ccomp	21
2.10	24	ταῦτα	DET	Pd	Case=Acc|Gender=Neut|Number=Plur	οὗτος	det	25
2.10	25	πάντα	DET	Px	Case=Acc|Gender=Neut|Number=Plur	πᾶς	obj	23
2.10	26	.	PUNCT	Z		.	punct	21
2.11	0	(	PUNCT	R-		(	case	1
2.11	1	(	PUNCT	Pk	Case=Nom|Gender=Masc|Number=Sing	(	ROOT	1
2.11	2	11	ADV	Df		11	discourse	1
2.11	3	)	ADV	Z		)	dep	1
2.11	4	)	ADV	Z		)	case	1
2.11	5	Θεσσαλοῖσι	NOUN	Nb	Case=Dat|Gender=Masc|Number=Plur	Θεσσαλός	obl	7
2.11	6	δὲ	ADV	Df		δέ	discourse	7
2.11	7	καλὸν	ADJ	A-	Case=Nom|Degree=Pos|Gender=Neut|Number=Sing	καλός	conj	1
2.11	8	τὼς	DET	S-	Case=Acc|Definite=Def|Gender=Masc|Number=Plur|PronType=Dem	τώς	det	9
2.11	9	ἵππως	NOUN	Nb	Case=Acc|Gender=Fem|Number=Plur	ἵππως	obj	15
2.11	10	ἐκ	ADP	R-		ἐκ	case	12
2.11	11	τὰς	DET	S-	Case=Acc|Definite=Def|Gender=Fem|Number=Plur|PronType=Dem	ὁ	det	12
2.11	12	ἀγέλας	NOUN	Nb	Case=Acc|Gender=Fem|Number=Plur	ἀγέλη	obl	13
2.11	13	λαβόντι	VERB	V-	Aspect=Perf|Case=Dat|Gender=Masc|Number=Sing|Tense=Past|VerbForm=Part|Voice=Act	λαμβάνω	advcl	15
2.11	14	αὐτῶι	PRON	Pp	Case=Dat|Gender=Masc|Number=Sing|Person=3|PronType=Prs	αὐτῶι	nsubj	15
2.11	15	δαμάσαι	VERB	V-	Aspect=Perf|Tense=Past|VerbForm=Inf|Voice=Act	δαμάζω	ccomp	7
2.11	16	καὶ	CCONJ	C-		καί	cc	9
2.11	17	τὼς	ADV	Df		τώς	det	18
2.11	18	ὀρέας	NOUN	Nb	Case=Acc|Gender=Fem|Number=Plur	ὀρέη	conj	9
2.11	19	·	PUNCT	Z		·	mark	24
2.11	20	βῶν	NOUN	Nb	Case=Acc|Gender=Masc|Number=Sing	βοῦς	obj	24
2.11	21	τε	CCONJ	C-		τε	cc	24
2.11	22	λαβόντι	VERB	V-	Aspect=Perf|Case=Dat|Gender=Masc|Number=Sing|Tense=Past|VerbForm=Part|Voice=Act	λαμβάνω	advcl	24
2.11	23	αὐτῶι	PRON	Pp	Case=Dat|Gender=Masc|Number=Sing|Person=3|PronType=Prs	αὐτῶι	nsubj	24
2.11	24	σφάξαι	VERB	V-	Aspect=Perf|Tense=Past|VerbForm=Inf|Voice=Act	σφάγω	ROOT	24
2.11	25	καὶ	CCONJ	C-		καί	cc	24
2.11	26	ἐκδεῖραι	VERB	V-	Aspect=Perf|Tense=Past|VerbForm=Inf|Voice=Act	ἐκδείρω	conj	24
2.11	27	καὶ	CCONJ	C-		καί	cc	24
2.11	28	κατακόψαι	VERB	V-	Aspect=Perf|Tense=Past|VerbForm=Inf|Voice=Act	κατακόπτω	conj	24
2.11	29	,	PUNCT	Z		,	cc	24
2.11	30	ἐν	ADP	R-		ἐν	case	31
2.11	31	Σικελίαι	PROPN	Ne	Case=Dat|Gender=Fem|Number=Sing	Σικελία	orphan	33
2.11	32	δὲ	ADV	Df		δέ	discourse	33
2.11	33	αἰσχρὸν	ADJ	A-	Case=Acc|Degree=Pos|Gender=Neut|Number=Sing	αἰσχρός	conj	24
2.11	34	καὶ	CCONJ	C-		καί	advmod	33
2.11	35	δώλων	NOUN	Nb	Case=Gen|Gender=Masc|Number=Plur	δώλος	nmod	36
2.11	36	ἔργα	NOUN	Nb	Case=Acc|Gender=Neut|Number=Plur	ἔργον	conj	33
2.11	37	.	PUNCT	Z		.	punct	24
2.12	0	(	PUNCT	Df		(	dep	1
2.12	1	(	PUNCT	Pp		(	nsubj	8
2.12	2	12	ADV	Df		12	dep	1
2.12	3	)	ADV	Z		)	discourse	8
2.12	4	)	ADV	Z		)	discourse	8
2.12	5	Μακεδόσι	NOUN	Nb	Case=Dat|Gender=Masc|Number=Plur	Μακεδών	iobj	8
2.12	6	δὲ	ADV	Df		δέ	discourse	8
2.12	7	καλὸν	ADJ	A-	Case=Nom|Degree=Pos|Gender=Neut|Number=Sing	καλός	xcomp	8
2.12	8	δοκεῖ	VERB	V-	Mood=Ind|Number=Sing|Person=3|Tense=Pres|VerbForm=Fin|Voice=Act	δοκέω	ROOT	8
2.12	9	ἦμεν	AUX	V-	Mood=Ind|Number=Plur|Person=1|Tense=Pres|VerbForm=Fin|Voice=Act	εἰμί	cop	7
2.12	10	τὰς	DET	S-	Case=Acc|Definite=Def|Gender=Fem|Number=Plur|PronType=Dem	ὁ	det	11
2.12	11	κόρας	NOUN	Nb	Case=Acc|Gender=Fem|Number=Plur	κόρη	dep	8
2.12	12	,	PUNCT	Z		,	dep	8
2.12	13	πρὶν	SCONJ	G-		πρίν	mark	17
2.12	14	[	PUNCT	Df		[	advmod	17
2.12	15	ἀνδρὶ	NOUN	Nb	Case=Dat|Gender=Masc|Number=Sing	ἀνήρ	iobj	17
2.12	16	]	PRON	Z	Case=Dat|Gender=Masc|Number=Sing|Person=3|PronType=Prs	]	dep	17
2.12	17	γάμασθαι	VERB	V-	Aspect=Perf|Tense=Past|VerbForm=Inf|Voice=Mid	γάμομαι	advcl	12
2.12	18	,	PUNCT	Z		,	dep	8
2.12	19	ἐρᾶσθαι	VERB	V-	Aspect=Perf|Tense=Past|VerbForm=Inf|Voice=Mid	ἐράω	conj	7
2.12	20	καὶ	CCONJ	C-		καί	cc	19
2.12	21	ἀνδρὶ	NOUN	Nb	Case=Dat|Gender=Masc|Number=Sing	ἀνήρ	iobj	22
2.12	22	συγγίνεσθαι	VERB	V-	Tense=Pres|VerbForm=Inf|Voice=Mid	συγγίγνομαι	conj	19
2.12	23	,	PUNCT	Z		,	punct	8
2.12	24	ἐπεὶ	SCONJ	G-		ἐπεί	mark	27
2.12	25	δέ	ADV	Df		δέ	discourse	27
2.12	26	κα	ADV	Df		κα	advmod	27
2.12	27	γάμηται	VERB	V-	Aspect=Perf|Mood=Sub|Number=Sing|Person=3|Tense=Past|VerbForm=Fin|Voice=Pass	γιάμημι	advcl	28
2.12	28	,	PUNCT	Z		,	advmod	29
2.12	29	αἰσχρόν	ADJ	A-	Case=Nom|Degree=Pos|Gender=Neut|Number=Sing	αἰσχρός	ROOT	29
2.12	30	·	PUNCT	Z		·	punct	29
2.12	31	Ἕλλασι	VERB	V-	Aspect=Perf|Mood=Ind|Number=Plur|Person=3|Tense=Past|VerbForm=Fin|Voice=Act	Ἕλλα	dep	34
2.12	32	δ’	ADV	Df		δ’	discourse	34
2.12	33	ἄμφω	ADJ	Px	Case=Nom|Gender=Neut|Number=Plur	ἄμφω	nsubj	34
2.12	34	αἰσχρόν	ADJ	A-	Case=Nom|Degree=Pos|Gender=Neut|Number=Sing	αἰσχρός	ROOT	34
2.12	35	.	PUNCT	Z		.	punct	34
2.13	0	(	PUNCT	V-		(	ROOT	0
2.13	1	(	PUNCT	Pd		(	ROOT	1
2.13	2	13	ADV	Df		13	ROOT	2
2.13	3	)	ADV	Z		)	discourse	2
2.13	4	)	ADV	Z		)	dislocated	2
2.13	5	τοῖς	DET	S-	Case=Dat|Definite=Def|Gender=Masc|Number=Plur|PronType=Dem	ὁ	det	7
2.13	6	δὲ	ADV	Df		δέ	discourse	8
2.13	7	Θραιξὶ	NOUN	Nb	Case=Dat|Gender=Masc|Number=Plur	Θραιξὶ	iobj	8
2.13	8	κόσμος	NOUN	Nb	Case=Nom|Gender=Masc|Number=Sing	κόσμος	conj	2
2.13	9	τὰς	DET	S-	Case=Acc|Definite=Def|Gender=Fem|Number=Plur|PronType=Dem	ὁ	det	10
2.13	10	κόρας	NOUN	Nb	Case=Acc|Gender=Fem|Number=Plur	κόρη	nsubj:pass	11
2.13	11	στίζεσθαι	VERB	V-	Tense=Pres|VerbForm=Inf|Voice=Pass	στίζομαι	ccomp	8
2.13	12	·	PUNCT	Z		·	punct	2
2.13	13	τοῖς	DET	S-	Case=Dat|Definite=Def|Gender=Masc|Number=Plur|PronType=Dem	ὁ	det	15
2.13	14	δ’	ADV	Df		δ’	discourse	16
2.13	15	ἄλλοις	ADJ	A-	Case=Dat|Degree=Pos|Gender=Masc|Number=Plur	ἄλλος	iobj	16
2.13	16	τιμωρία	NOUN	Nb	Case=Nom|Gender=Fem|Number=Sing	τιμωρία	ROOT	16
2.13	17	τὰ	DET	S-	Case=Nom|Definite=Def|Gender=Neut|Number=Plur|PronType=Dem	ὁ	det	18
2.13	18	στίγματα	NOUN	Nb	Case=Nom|Gender=Neut|Number=Plur	στίγμα	nmod	16
2.13	19	τοῖς	DET	S-	Case=Dat|Definite=Def|Gender=Masc|Number=Plur|PronType=Dem	ὁ	det	20
2.13	20	ἀδικέοντι	VERB	V-	Case=Dat|Gender=Masc|Number=Sing|Tense=Pres|VerbForm=Part|Voice=Act	ἀδικέω	iobj	16
2.13	21	.	PUNCT	Z		.	punct	16
2.13	22	τοὶ	PRON	Pp	Case=Dat|Gender=Masc|Number=Sing|Person=2|PronType=Prs	σύ	iobj	26
2.13	23	δὲ	ADV	Df		δέ	discourse	26
2.13	24	Σκύθαι	NOUN	Nb	Case=Nom|Gender=Masc|Number=Plur	Σκύθης	nsubj	26
2.13	25	καλὸν	ADJ	A-	Case=Acc|Degree=Pos|Gender=Neut|Number=Sing	καλός	xcomp	26
2.13	26	νομίζοντι	VERB	V-	Case=Dat|Gender=Masc|Number=Sing|Tense=Pres|VerbForm=Part|Voice=Act	νομίζω	ROOT	26
2.13	27	,	PUNCT	Z		,	punct	26
2.13	28	ὅς	PRON	Pr	Case=Nom|Gender=Masc|Number=Sing|PronType=Rel	ὅς	nsubj	44
2.13	29	〈	ADV	Df		〈	discourse	44
2.13	30	κ	ADV	Df		ΑΒΓ	advmod	44
2.13	31	’	SCONJ	A-		’	mark	44
2.13	32	〉	DET	S-	Case=Acc|Definite=Def|Gender=Masc|Number=Sing|PronType=Dem	〉	advmod	44
2.13	33	ἄνδρα	NOUN	Nb	Case=Acc|Gender=Masc|Number=Sing	ἀνήρ	obj	34
2.13	34	κατακανὼν	VERB	V-	Case=Nom|Gender=Masc|Number=Sing|Tense=Pres|VerbForm=Part|Voice=Act	κατακαίνω	advcl	44
2.13	35	ἐκδείρας	VERB	V-	Aspect=Perf|Case=Nom|Gender=Masc|Number=Sing|Tense=Past|VerbForm=Part|Voice=Act	ἐκδείρω	advcl	44
2.13	36	τὰν	DET	S-	Case=Acc|Definite=Def|Gender=Fem|Number=Sing|PronType=Dem	ὅς	det	37
2.13	37	κεφαλὰν	NOUN	Nb	Case=Acc|Gender=Fem|Number=Sing	κεφαλή	obj	35
2.13	38	τὸ	DET	S-	Case=Acc|Definite=Def|Gender=Neut|Number=Sing|PronType=Dem	ὁ	det	40
2.13	39	μὲν	ADV	Df		μέν	discourse	44
2.13	40	κόμιον	NOUN	Nb	Case=Acc|Gender=Neut|Number=Sing	κόμιον	obj	44
2.13	41	πρὸ	ADP	R-		πρό	case	43
2.13	42	τοῦ	DET	S-	Case=Gen|Definite=Def|Gender=Masc|Number=Sing|PronType=Dem	ὁ	det	43
2.13	43	ἵππου	NOUN	Nb	Case=Gen|Gender=Masc|Number=Sing	ἵππος	nmod	40
2.13	44	φορῆι	VERB	V-	Mood=Sub|Number=Sing|Person=3|Tense=Pres|VerbForm=Fin|Voice=Act	φορῆι	ROOT	44
2.13	45	,	PUNCT	Z		,	punct	44
2.13	46	τὸ	DET	S-	Case=Acc|Definite=Def|Gender=Neut|Number=Sing|PronType=Dem	ὁ	det	48
2.13	47	δ’	ADV	Df		δ’	discourse	55
2.13	48	ὀστέον	NOUN	Nb	Case=Acc|Gender=Neut|Number=Sing	ὀστέον	obj	55
2.13	49	χρυσώσας	VERB	V-	Aspect=Perf|Case=Nom|Gender=Masc|Number=Sing|Tense=Past|VerbForm=Part|Voice=Act	χρυσώω	advcl	55
2.13	50	〈	ADV	A-		〈	advmod	49
2.13	51	ἢ	CCONJ	C-		ἤ	cc	49
2.13	52	〉	ADV	V-		〉	conj	49
2.13	53	καὶ	CCONJ	C-		καί	cc	52
2.13	54	ἀργυρώσας	VERB	V-	Aspect=Perf|Case=Nom|Gender=Masc|Number=Sing|Tense=Past|VerbForm=Part|Voice=Act	ἀργυρόω	conj	52
2.13	55	πίνηι	VERB	V-	Mood=Sub|Number=Sing|Person=3|Tense=Pres|VerbForm=Fin|Voice=Act	πίνηι	ROOT	55
2.13	56	ἐξ	ADP	R-		ἐκ	case	57
2.13	57	αὐτοῦ	PRON	Pp	Case=Gen|Gender=Neut|Number=Sing|Person=3|PronType=Prs	αὐτός	obl	55
2.13	58	καὶ	CCONJ	C-		καί	cc	55
2.13	59	σπένδηι	VERB	V-	Mood=Sub|Number=Sing|Person=3|Tense=Pres|VerbForm=Fin|Voice=Act	σπένδηι	conj	55
2.13	60	τοῖς	DET	S-	Case=Dat|Definite=Def|Gender=Masc|Number=Plur|PronType=Dem	ὁ	det	61
2.13	61	θεοῖς	NOUN	Nb	Case=Dat|Gender=Masc|Number=Plur	θεός	iobj	59
2.13	62	·	PUNCT	Z		·	punct	55
2.13	63	ἐν	ADP	R-		ἐν	case	66
2.13	64	δὲ	ADV	Df		δέ	discourse	75
2.13	65	τοῖς	DET	S-	Case=Dat|Definite=Def|Gender=Masc|Number=Plur|PronType=Dem	ὁ	det	66
2.13	66	Ἕλλασιν	NOUN	Nb	Case=Dat|Gender=Masc|Number=Plur	Ἕλλην	obl	75
2.13	67	οὐδέ	ADV	Df	Polarity=Neg	οὐδέ	dep	75
2.13	68	κ	ADV	Df		ΑΒΓ	advmod	75
2.13	69	’	SCONJ	A-		’	mark	75
2.13	70	ἐς	ADP	R-		εἰς	case	73
2.13	71	τὰν	DET	S-	Case=Acc|Definite=Def|Gender=Fem|Number=Sing|PronType=Dem	ὅς	det	73
2.13	72	αὐτὰν	DET	Pd	Case=Acc|Gender=Fem|Number=Sing	αὐτός	det	73
2.13	73	οἰκίαν	NOUN	Nb	Case=Acc|Gender=Fem|Number=Sing	οἰκία	obl	74
2.13	74	συνεισελθεῖν	VERB	V-	Aspect=Perf|Tense=Past|VerbForm=Inf|Voice=Act	συνεισελθέω	xcomp	75
2.13	75	βούλοιτό	VERB	V-	Mood=Opt|Number=Sing|Person=3|Tense=Pres|VerbForm=Fin|Voice=Mid	βούλομαι	ROOT	75
2.13	76	τις	ADJ	Px	Case=Nom|Gender=Masc|Number=Sing	τίς	nsubj	75
2.13	77	τῶι	DET	S-	Case=Dat|Definite=Def|Gender=Masc|Number=Sing|PronType=Dem	τῷ	det	79
2.13	78	ταῦτα	ADJ	Pd	Case=Acc|Gender=Neut|Number=Plur	οὗτος	obj	79
2.13	79	ποιήσαντι	VERB	V-	Aspect=Perf|Case=Dat|Gender=Masc|Number=Sing|Tense=Past|VerbForm=Part|Voice=Act	ποιέω	iobj	75
2.13	80	.	PUNCT	Z		.	punct	75
2.14	0	(	PUNCT	R-		(	case	1
2.14	1	(	PUNCT	Pp		(	ROOT	1
2.14	2	14	ADV	Df		14	ROOT	2
2.14	3	)	ADV	Z		)	advmod	2
2.14	4	)	ADV	Z		)	advmod	2
2.14	5	Μασσαγέται	NOUN	Nb	Case=Nom|Gender=Masc|Number=Plur	Μασσαγέται	nsubj	10
2.14	6	δὲ	ADV	Df		δέ	discourse	10
2.14	7	τὼς	ADV	S-		τώς	det	8
2.14	8	γονέας	NOUN	Nb	Case=Acc|Gender=Masc|Number=Plur	γονεύς	obj	9
2.14	9	κατακόψαντες	VERB	V-	Aspect=Perf|Case=Nom|Gender=Masc|Number=Plur|Tense=Past|VerbForm=Part|Voice=Act	κατακόψαντες	advcl	10
2.14	10	κατέσθοντι	VERB	V-	Mood=Ind|Number=Plur|Person=3|Tense=Pres|VerbForm=Fin|Voice=Act	κατέσθω	conj	2
2.14	11	,	PUNCT	Z		,	ROOT	11
2.14	12	καὶ	CCONJ	C-		καί	cc	11
2.14	13	τάφος	NOUN	Nb	Case=Nom|Gender=Masc|Number=Sing	τάφος	nsubj	15
2.14	14	κάλλιστος	ADJ	A-	Case=Nom|Degree=Sup|Gender=Masc|Number=Sing	καλός	amod	13
2.14	15	δοκεῖ	VERB	V-	Mood=Ind|Number=Sing|Person=3|Tense=Pres|VerbForm=Fin|Voice=Act	δοκέω	conj	11
2.14	16	ἦμεν	AUX	V-	Mood=Ind|Number=Plur|Person=1|Tense=Pres|VerbForm=Fin|Voice=Act	εἰμί	cop	15
2.14	17	ἐν	ADP	R-		ἐν	case	19
2.14	18	τοῖς	DET	S-	Case=Dat|Definite=Def|Gender=Masc,Neut|Number=Plur|PronType=Dem	ὁ	det	19
2.14	19	τέκνοις	NOUN	Nb	Case=Dat|Gender=Neut|Number=Plur	τέκνον	obl	20
2.14	20	τεθάφθαι	VERB	V-	Aspect=Perf|Tense=Past|VerbForm=Inf|Voice=Pass	θάπτω	ccomp	15
2.14	21	·	PUNCT	Z		·	punct	11
2.14	22	ἐν	ADP	R-		ἐν	case	25
2.14	23	δὲ	ADV	Df		δέ	discourse	29
2.14	24	τᾶι	DET	S-	Case=Dat|Definite=Def|Gender=Fem|Number=Plur|PronType=Dem	τᾶι	det	25
2.14	25	Ἑλλάδι	PROPN	Ne	Case=Dat|Gender=Fem|Number=Sing	Ἑλλάς	obl	29
2.14	26	αἴ	SCONJ	G-		εἰ	mark	29
2.14	27	τις	ADJ	Px	Case=Nom|Gender=Masc|Number=Sing	τίς	nsubj	29
2.14	28	ταῦτα	ADJ	Pd	Case=Acc|Gender=Neut|Number=Plur	οὗτος	obj	29
2.14	29	ποιήσαι	VERB	V-	Aspect=Perf|Tense=Past|VerbForm=Inf|Voice=Act	ποιέω	advcl	39
2.14	30	,	PUNCT	Z		,	parataxis	39
2.14	31	ἐξελαθεὶς	VERB	V-	Aspect=Perf|Case=Nom|Gender=Masc|Number=Sing|Tense=Past|VerbForm=Part|Voice=Pass	ἐξελαίημθ	advcl	39
2.14	32	[	PUNCT	V-		[	advmod	31
2.14	33	ἐκ	ADP	R-		ἐκ	case	35
2.14	34	τῆς	DET	S-	Case=Gen|Definite=Def|Gender=Fem|Number=Sing|PronType=Dem	ὁ	det	35
2.14	35	Ἑλλάδος	PROPN	Ne	Case=Gen|Gender=Fem|Number=Sing	Ἑλλάς	obl	32
2.14	36	]	ADV	Z		]	advmod	39
2.14	37	κακῶς	ADV	Df	Degree=Pos	κακῶς	advmod	39
2.14	38	κα	ADV	Df		κα	advmod	39
2.14	39	ἀποθάνοι	VERB	V-	Aspect=Perf|Mood=Opt|Number=Sing|Person=3|Tense=Past|VerbForm=Fin|Voice=Act	ἀποθνῄσκω	ROOT	39
2.14	40	ὡς	ADV	Df		ὡς	advmod	44
2.14	41	αἰσχρὰ	ADJ	A-	Case=Acc|Degree=Pos|Gender=Neut|Number=Plur	αἰσχρός	obj	44
2.14	42	καὶ	CCONJ	C-		καί	cc	41
2.14	43	δεινὰ	ADJ	A-	Case=Acc|Degree=Pos|Gender=Neut|Number=Plur	δεῖνα	conj	41
2.14	44	ποιέων	VERB	V-	Case=Nom|Gender=Masc|Number=Sing|Tense=Pres|VerbForm=Part|Voice=Act	ποιέω	advcl	39
2.14	45	.	PUNCT	Z		.	punct	39
2.15	0	(	PUNCT	Df		(	case	1
2.15	1	(	PUNCT	Df		(	advmod	30
2.15	2	15	ADV	Df		15	discourse	1
2.15	3	)	ADV	Z		)	dep	2
2.15	4	)	ADV	Z		)	dep	1
2.15	5	τοὶ	PRON	S-	Case=Dat|Gender=Masc|Number=Sing|Person=2|PronType=Prs	σύ	det	8
2.15	6	δὲ	ADV	Df		δέ	discourse	8
2.15	7	Πέρσαι	NOUN	Nb	Case=Nom|Gender=Masc|Number=Plur	Πέρσης	nsubj:pass	8
2.15	8	κοσμεῖσθαι	VERB	V-	Tense=Pres|VerbForm=Inf|Voice=Pass	κοσμέω	ccomp	9
2.15	9	[	PUNCT	Df	Case=Dat|Gender=Masc|Number=Sing|Tense=Pres|VerbForm=Part|Voice=Act	[	conj	1
2.15	10	τε	CCONJ	C-		τε	cc	9
2.15	11	]	CCONJ	Z		]	dep	9
2.15	12	ὥσπερ	ADV	Df		ὥσπερ	advmod	19
2.15	13	τὰς	DET	S-	Case=Acc|Definite=Def|Gender=Fem|Number=Plur|PronType=Dem	ὁ	det	14
2.15	14	γυναῖκας	NOUN	Nb	Case=Acc|Gender=Fem|Number=Plur	γυνή	obj	12
2.15	15	καὶ	CCONJ	C-		καί	cc	14
2.15	16	τὼς	DET	S-	Case=Acc|Definite=Def|Gender=Masc|Number=Plur|PronType=Dem	τώς	det	17
2.15	17	ἄνδρας	NOUN	Nb	Case=Acc|Gender=Masc|Number=Plur	ἀνήρ	conj	14
2.15	18	καλὸν	ADJ	A-	Case=Acc|Degree=Pos|Gender=Neut|Number=Sing	καλός	xcomp	19
2.15	19	νομίζοντι	VERB	V-	Case=Dat|Gender=Masc|Number=Sing|Tense=Pres|VerbForm=Part|Voice=Act	νομίζω	dep	9
2.15	20	,	PUNCT	Z		,	dep	1
2.15	21	καὶ	CCONJ	C-		καί	cc	23
2.15	22	τᾶι	DET	S-	Case=Dat|Definite=Def|Gender=Fem|Number=Plur|PronType=Dem	ὁ	det	23
2.15	23	θυγατρὶ	NOUN	Nb	Case=Dat|Gender=Fem|Number=Sing	θυγάτηρ	iobj	30
2.15	24	καὶ	CCONJ	C-		καί	cc	23
2.15	25	τᾶι	DET	S-	Case=Nom|Definite=Def|Gender=Fem|Number=Plur|PronType=Dem	ὁ	det	26
2.15	26	ματρὶ	NOUN	Nb	Case=Dat|Gender=Fem|Number=Sing	μήτηρ	conj	23
2.15	27	καὶ	CCONJ	C-		καί	cc	23
2.15	28	τᾶι	DET	S-	Case=Nom|Definite=Def|Gender=Fem|Number=Plur|PronType=Dem	ὁ	det	29
2.15	29	ἀδελφᾶι	NOUN	Nb	Case=Nom|Gender=Fem|Number=Plur	ἀδελφᾶι	conj	23
2.15	30	συνίμεν	VERB	V-	Mood=Ind|Number=Plur|Person=1|Tense=Pres|VerbForm=Fin|Voice=Act	σύνειμι	ROOT	30
2.15	31	·	PUNCT	Z		·	punct	30
2.15	32	τοὶ	PRON	Pp	Case=Dat|Gender=Masc|Number=Sing|Person=2|PronType=Prs	σύ	dep	34
2.15	33	δὲ	ADV	Df		δέ	discourse	34
2.15	34	Ἕλλανες	NOUN	Nb	Case=Nom|Gender=Masc|Number=Plur	Ἕλλαν	nsubj	36
2.15	35	καὶ	CCONJ	C-		καί	cc	36
2.15	36	αἰσχρὰ	ADJ	A-	Case=Nom|Degree=Pos|Gender=Neut|Number=Plur	αἰσχρός	ROOT	36
2.15	37	καὶ	CCONJ	C-		καί	cc	36
2.15	38	παράνομα	ADJ	A-	Case=Nom|Degree=Pos|Gender=Neut|Number=Plur	παράνομος	conj	36
2.15	39	.	PUNCT	Z		.	ROOT	39
2.16	0	(	PUNCT	Df		(	dep	17
2.16	1	(	PUNCT	Df		(	dep	17
2.16	2	16	ADV	Df		16	ccomp	17
2.16	3	)	ADV	Z		)	dep	17
2.16	4	)	ADV	Z		)	discourse	17
2.16	5	Λυδοῖς	NOUN	Nb	Case=Dat|Gender=Masc|Number=Plur	Λυδός	iobj	16
2.16	6	τοίνυν	ADV	Df		τοίνυν	discourse	17
2.16	7	τὰς	DET	S-	Case=Acc|Definite=Def|Gender=Fem|Number=Plur|PronType=Dem	ὁ	det	8
2.16	8	κόρας	NOUN	Nb	Case=Acc|Gender=Fem|Number=Plur	κόρη	obj	12
2.16	9	πορνευθείσας	VERB	V-	Aspect=Perf|Case=Acc|Gender=Fem|Number=Plur|Tense=Past|VerbForm=Part|Voice=Pass	πορνευθείζω	advcl	12
2.16	10	καὶ	CCONJ	C-		καί	cc	12
2.16	11	ἀργύριον	NOUN	Nb	Case=Acc|Gender=Neut|Number=Sing	ἀργύριον	obj	12
2.16	12	ἐνεργάσασθαι	VERB	V-	Aspect=Perf|Tense=Past|VerbForm=Inf|Voice=Mid	ἐνεργάζομαι	ccomp	17
2.16	13	καὶ	CCONJ	C-		καί	cc	12
2.16	14	οὕτως	ADV	Df		οὕτως	advmod	15
2.16	15	γάμασθαι	VERB	V-	Aspect=Perf|Tense=Past|VerbForm=Inf|Voice=Mid	γάμασθαι	conj	12
2.16	16	καλὸν	ADJ	A-	Case=Nom|Degree=Pos|Gender=Neut|Number=Sing	καλός	xcomp	17
2.16	17	δοκεῖ	VERB	V-	Mood=Ind|Number=Sing|Person=3|Tense=Pres|VerbForm=Fin|Voice=Act	δοκέω	ROOT	17
2.16	18	ἦμεν	AUX	V-	Mood=Ind|Number=Plur|Person=1|Tense=Pres|VerbForm=Fin|Voice=Act	εἰμί	cop	16
2.16	19	,	PUNCT	Z		,	dep	17
2.16	20	ἐν	ADP	R-		ἐν	case	23
2.16	21	δὲ	ADV	Df		δέ	discourse	26
2.16	22	τοῖς	DET	S-	Case=Dat|Definite=Def|Gender=Masc,Neut|Number=Plur|PronType=Dem	ὁ	det	23
2.16	23	Ἕλλασιν	NOUN	Nb	Case=Dat|Gender=Masc|Number=Plur	Ἕλλην	obl	26
2.16	24	οὐδείς	ADJ	Px	Case=Nom|Gender=Masc|Number=Sing	οὐδείς	nsubj	26
2.16	25	κα	ADV	Df		κα	advmod	26
2.16	26	θέλοι	VERB	V-	Mood=Opt|Number=Sing|Person=3|Tense=Pres|VerbForm=Fin|Voice=Act	ἐθέλω	conj	17
2.16	27	γᾶμαι	VERB	V-	Aspect=Perf|Tense=Past|VerbForm=Inf|Voice=Act	γᾶμαι	xcomp	26
2.16	28	.	PUNCT	Z		.	punct	17
2.17	0	(	PUNCT	Pp		(	ROOT	0
2.17	1	(	PUNCT	Pk	Case=Nom|Gender=Masc|Number=Sing|PronType=Rel	(	case	0
2.17	2	17	ADV	Df		17	ROOT	2
2.17	3	)	ADV	Z		)	discourse	2
2.17	4	)	ADV	Z		)	dep	2
2.17	5	Αἰγύπτιοί	ADJ	A-	Case=Nom|Degree=Pos|Gender=Masc|Number=Plur	Αἰγύπτιος	nsubj	2
2.17	6	τε	CCONJ	C-		τε	cc	2
2.17	7	οὐ	ADV	Df	Polarity=Neg	οὐ	advmod	9
2.17	8	ταὐτὰ	ADJ	Pd	Case=Acc|Gender=Neut|Number=Plur	αὐτός	obj	9
2.17	9	νομίζοντι	VERB	V-	Case=Dat|Gender=Masc|Number=Sing|Tense=Pres|VerbForm=Part|Voice=Act	νομίζω	conj	2
2.17	10	καλὰ	ADJ	A-	Case=Acc|Degree=Pos|Gender=Neut|Number=Plur	καλός	xcomp	9
2.17	11	τοῖς	DET	S-	Case=Dat|Definite=Def|Gender=Neut|Number=Plur|PronType=Dem	ὁ	det	12
2.17	12	ἄλλοις	ADJ	Px	Case=Dat|Gender=Masc|Number=Plur	ἄλλος	iobj	9
2.17	13	·	PUNCT	Z		·	punct	2
2.17	14	τῆιδε	ADJ	Pd	Case=Dat|Gender=Fem|Number=Sing	τῆιδε	obl	24
2.17	15	μὲν	ADV	Df		μέν	discourse	24
2.17	16	γὰρ	ADV	Df		γάρ	discourse	24
2.17	17	γυναῖκας	NOUN	Nb	Case=Acc|Gender=Fem|Number=Plur	γυνή	obj	18
2.17	18	ὑφαίνειν	VERB	V-	Tense=Pres|VerbForm=Inf|Voice=Act	ὑφαίνω	ccomp	24
2.17	19	καὶ	CCONJ	C-		καί	cc	18
2.17	20	〈	DET	S-	Case=Acc|Definite=Def|Gender=Neut|Number=Plur|PronType=Dem	〈	det	21
2.17	21	ἔρια	NOUN	Nb	Case=Acc|Gender=Neut|Number=Plur	ἔριον	obj	23
2.17	22	〉	ADV	Df		〉	dep	23
2.17	23	ἐργάζεσθαι	VERB	V-	Tense=Pres|VerbForm=Inf|Voice=Mid	ἐργάζομαι	conj	18
2.17	24	καλόν	ADJ	A-	Case=Acc|Degree=Pos|Gender=Neut|Number=Sing	καλός	ROOT	24
2.17	25	,	PUNCT	Z		,	cc	24
2.17	26	ἀλλὰ	CCONJ	C-		ἀλλά	ROOT	26
2.17	27	τηνεῖ	VERB	V-	Mood=Ind|Number=Sing|Person=3|Tense=Pres|VerbForm=Fin|Voice=Act	τηνέω	ROOT	27
2.17	28	τὼς	ADV	S-		τώς	det	29
2.17	29	ἄνδρας	NOUN	Nb	Case=Acc|Gender=Masc|Number=Plur	ἀνήρ	nsubj	27
2.17	30	,	PUNCT	Z		,	ROOT	30
2.17	31	τὰς	DET	S-	Case=Acc|Definite=Def|Gender=Fem|Number=Plur|PronType=Dem	ὁ	det	33
2.17	32	δὲ	ADV	Df		δέ	discourse	34
2.17	33	γυναῖκας	NOUN	Nb	Case=Acc|Gender=Fem|Number=Plur	γυνή	obj	34
2.17	34	πράσσεν	VERB	V-	Tense=Pres|VerbForm=Inf|Voice=Act	πράσσεν	conj	30
2.17	35	,	PUNCT	Z		,	obl	34
2.17	36	ἅπερ	PRON	Pr	Case=Acc|Gender=Neut|Number=Plur|PronType=Rel	ὅς	dep	37
2.17	37	τῆιδε	ADV	Pd		τῆιδε	advcl	34
2.17	38	τοὶ	PRON	Pp	Case=Dat|Gender=Masc|Number=Sing|Person=2|PronType=Prs	σύ	det	39
2.17	39	ἄνδρες	NOUN	Nb	Case=Nom|Gender=Masc|Number=Plur	ἀνήρ	nsubj	37
2.17	40	.	PUNCT	Z		.	punct	34
2.17	41	τὸν	DET	S-	Case=Acc|Definite=Def|Gender=Masc|Number=Sing|PronType=Dem	ὁ	det	42
2.17	42	παλὸν	NOUN	Nb	Case=Acc|Gender=Masc|Number=Sing	παλός	obj	43
2.17	43	δεύειν	VERB	V-	Tense=Pres|VerbForm=Inf|Voice=Act	δεύω	ROOT	43
2.17	44	ταῖς	DET	S-	Case=Dat|Definite=Def|Gender=Fem|Number=Plur|PronType=Dem	ὁ	det	45
2.17	45	χερσί	NOUN	Nb	Case=Dat|Gender=Fem|Number=Plur	χείρ	obl	43
2.17	46	,	PUNCT	Z		,	cc	42
2.17	47	τὸν	DET	S-	Case=Acc|Definite=Def|Gender=Masc|Number=Sing|PronType=Dem	ὁ	det	49
2.17	48	δὲ	ADV	Df		δέ	discourse	49
2.17	49	σῖτον	NOUN	Nb	Case=Acc|Gender=Masc|Number=Sing	σῖτος	conj	46
2.17	50	τοῖς	DET	S-	Case=Dat|Definite=Def|Gender=Masc|Number=Plur|PronType=Dem	ὁ	det	51
2.17	51	ποσί	NOUN	Nb	Case=Dat|Gender=Masc|Number=Plur	πούς	orphan	49
2.17	52	,	PUNCT	Z		,	punct	43
2.17	53	τήνοις	PROPN	Ne	Case=Acc|Gender=Fem|Number=Sing	τήνω	ROOT	53
2.17	54	καλὸν	ADJ	A-	Case=Acc|Degree=Pos|Gender=Neut|Number=Sing	καλός	appos	53
2.17	55	,	PUNCT	Z		,	parataxis	53
2.17	56	ἀλλ’	CCONJ	C-		ἀλλ’	cc	53
2.17	57	ἁμὶν	PRON	Pp	Case=Dat|Gender=Masc|Number=Plur|Person=1|PronType=Prs	ἡμεῖς	orphan	59
2.17	58	τὸ	DET	S-	Case=Acc|Definite=Def|Gender=Neut|Number=Sing|PronType=Dem	ὁ	det	59
2.17	59	ἐναντίον	ADJ	A-	Case=Acc|Degree=Pos|Gender=Neut|Number=Sing	ἐναντίον	conj	53
2.17	60	.	PUNCT	Z		.	punct	53
2.18	0	(	PUNCT	Df		(	dep	31
2.18	1	(	PUNCT	Pp		(	case	0
2.18	2	18	ADV	Df		18	discourse	0
2.18	3	)	ADV	Z		)	discourse	2
2.18	4	)	ADV	Z		)	dep	0
2.18	5	οἶμαι	VERB	V-	Mood=Ind|Number=Sing|Person=1|Tense=Pres|VerbForm=Fin|Voice=Act	οἴομαι	parataxis	0
2.18	6	δ’	ADV	Df		δ’	discourse	5
2.18	7	,	PUNCT	Z		,	ccomp	5
2.18	8	αἴ	SCONJ	G-		εἰ	mark	14
2.18	9	τις	ADJ	Px	Case=Nom|Gender=Masc|Number=Sing	τίς	nsubj	14
2.18	10	τὰ	DET	S-	Case=Acc|Definite=Def|Gender=Neut|Number=Plur|PronType=Dem	ὁ	det	11
2.18	11	αἰσχρὰ	ADJ	A-	Case=Acc|Degree=Pos|Gender=Neut|Number=Plur	αἰσχρός	obj	14
2.18	12	ἐς	ADP	R-		εἰς	case	13
2.18	13	ἓν	NUM	Ma	Case=Acc|Gender=Neut|Number=Sing	εἷς	obl	14
2.18	14	κελεύοι	VERB	V-	Mood=Opt|Number=Sing|Person=3|Tense=Pres|VerbForm=Fin|Voice=Act	κελεύω	nsubj	15
2.18	15	συνενεῖκαι	VERB	V-	Aspect=Perf|Tense=Past|VerbForm=Inf|Voice=Act	συνενεῖκη	ccomp	5
2.18	16	πάντας	ADJ	Px	Case=Acc|Gender=Masc|Number=Plur	πᾶς	obj	15
2.18	17	ἀνθρώπως	NOUN	Nb	Case=Acc|Gender=Masc|Number=Plur	ἀνθρώπως	obl	15
2.18	18	,	PUNCT	Z		,	dep	5
2.18	19	ἃ	PRON	Pr	Case=Acc|Gender=Neut|Number=Plur|PronType=Rel	ὅς	obj	21
2.18	20	ἕκαστοι	ADJ	A-	Case=Nom|Degree=Pos|Gender=Masc|Number=Plur	ἕκαστος	nsubj	21
2.18	21	νομίζοντι	VERB	V-	Case=Dat|Gender=Masc|Number=Sing|Tense=Pres|VerbForm=Part|Voice=Act	νομίζω	advcl	5
2.18	22	,	PUNCT	Z		,	dep	5
2.18	23	καὶ	CCONJ	C-		καί	cc	0
2.18	24	πάλιν	ADV	Df		πάλιν	advmod	30
2.18	25	ἐξ	ADP	R-		ἐκ	case	26
2.18	26	ἀθρόων	ADJ	A-	Case=Gen|Degree=Pos|Gender=Masc|Number=Plur	ἀθρόος	obl	30
2.18	27	τούτων	DET	Pd	Case=Gen|Gender=Neut|Number=Plur	οὗτος	det	26
2.18	28	τὰ	DET	S-	Case=Acc|Definite=Def|Gender=Neut|Number=Plur|PronType=Dem	ὁ	det	29
2.18	29	καλὰ	ADJ	A-	Case=Acc|Degree=Pos|Gender=Neut|Number=Plur	καλός	obj	30
2.18	30	λαβέν	VERB	V-	Aspect=Perf|Tense=Past|VerbForm=Inf|Voice=Act	λαβέν	conj	0
2.18	31	,	PUNCT	Z		,	ROOT	31
2.18	32	ἃ	PRON	Pr	Case=Acc|Gender=Neut|Number=Plur|PronType=Rel	ὅς	obj	34
2.18	33	ἕκαστοι	ADJ	A-	Case=Nom|Degree=Pos|Gender=Masc|Number=Plur	ἕκαστος	nsubj	34
2.18	34	ἅγηνται	VERB	V-	Aspect=Perf|Mood=Sub|Number=Plur|Person=3|Tense=Past|VerbForm=Fin|Voice=Mid	ἅγηνται	acl	31
2.18	35	,	PUNCT	Z		,	advmod	36
2.18	36	οὐδὲ	ADV	C-	Polarity=Neg	οὐδέ	advmod	41
2.18	37	ἓν	NUM	Ma	Case=Nom|Gender=Neut|Number=Sing	εἷς	case	38
2.18	38	〈	NOUN	Df	Case=Dat|Gender=Fem|Number=Sing	〈	obl	41
2.18	39	κα	ADV	Df		κα	advmod	41
2.18	40	〉	ADV	Df	Polarity=Neg	〉	dep	41
2.18	41	καλλειφθῆμεν	VERB	V-	Aspect=Perf|Mood=Ind|Number=Plur|Person=1|Tense=Past|VerbForm=Fin|Voice=Pass	καλλειφθῆ	ROOT	41
2.18	42	,	PUNCT	Z		,	nsubj:pass	41
2.18	43	ἀλλὰ	CCONJ	C-		ἀλλά	cc	41
2.18	44	πάντας	ADJ	Px	Case=Acc|Gender=Masc|Number=Plur	πᾶς	obj	46
2.18	45	πάντα	ADJ	Px	Case=Acc|Gender=Neut|Number=Plur	πᾶς	obj	46
2.18	46	διαλαβέν	VERB	V-	Aspect=Perf|Mood=Ind|Number=Sing|Person=3|Tense=Past|VerbForm=Fin|Voice=Act	διαλαβέν	conj	41
2.18	47	.	PUNCT	Z		.	punct	41
2.18	48	οὐ	ADV	Df	Polarity=Neg	οὐ	advmod	49
2.18	49	γὰρ	ADV	Df		γάρ	ROOT	49
2.18	50	πάντες	ADJ	Px	Case=Nom|Gender=Masc|Number=Plur	πᾶς	nsubj	49
2.18	51	ταὐτὰ	ADJ	Pd	Case=Acc|Gender=Neut|Number=Plur	αὐτός	obj	52
2.18	52	νομίζοντι	VERB	V-	Case=Dat|Gender=Masc|Number=Sing|Tense=Pres|VerbForm=Part|Voice=Act	νομίζοις	advcl	49
2.18	53	.	PUNCT	Z		.	punct	49
2.19	0	(	PUNCT	Df		(	ROOT	0
2.19	1	(	PUNCT	Pk	Case=Nom|Gender=Masc|Number=Sing|Person=1|PronType=Prs	(	ROOT	1
2.19	2	19	ADV	Ne		19	ROOT	2
2.19	3	)	ADV	Z		)	discourse	2
2.19	4	)	ADV	Z		)	discourse	2
2.19	5	παρεξοῦμαι	VERB	V-	Mood=Ind|Number=Sing|Person=1|Tense=Fut|VerbForm=Fin|Voice=Mid	παρεξοῦμαι	conj	2
2.19	6	δὲ	ADV	Df		δέ	discourse	5
2.19	7	καὶ	ADV	Df		καί	advmod	5
2.19	8	ποίημά	NOUN	Nb	Case=Acc|Gender=Neut|Number=Sing	ποίημα	obj	10
2.19	9	τι	DET	Px	Case=Acc|Gender=Neut|Number=Sing	τίς	det	8
2.19	10	[	PUNCT	V-		[	xcomp	5
2.19	11	TGF.	PUNCT	Z		TGF.	punct	2
2.19	12	(	PUNCT	Df		(	ROOT	12
2.19	13	844	ADV	Df		844	ROOT	13
2.19	14	)	SCONJ	Z		)	discourse	13
2.19	15	adesp.	PUNCT	Z		adesp.	punct	13
2.19	16	(	PUNCT	Pp		(	ROOT	16
2.19	17	26	ADV	Ne		26	vocative	27
2.19	18	)	ADV	Z		)	discourse	17
2.19	19	]	ADV	Z		]	vocative	27
2.19	20	καὶ	ADV	Df		καί	advmod	27
2.19	21	γὰρ	ADV	Df		γάρ	discourse	27
2.19	22	τὸν	DET	S-	Case=Acc|Definite=Def|Gender=Masc|Number=Sing|PronType=Dem	ὁ	det	26
2.19	23	ἄλλον	ADJ	A-	Case=Acc|Degree=Pos|Gender=Masc|Number=Sing	ἄλλος	amod	26
2.19	24	ὦδε	ADV	Df		ὦδε	advmod	27
2.19	25	θνητοῖσιν	NOUN	Nb	Case=Dat|Gender=Masc|Number=Plur	θνητός	amod	26
2.19	26	νόμον	NOUN	Nb	Case=Acc|Gender=Masc|Number=Sing	νόμος	obj	27
2.19	27	ὄψηι	VERB	V-	Mood=Ind|Number=Sing|Person=2|Tense=Fut|VerbForm=Fin|Voice=Mid	ὄψηι	ROOT	27
2.19	28	διαιρῶν	VERB	V-	Case=Nom|Gender=Masc|Number=Sing|Tense=Pres|VerbForm=Part|Voice=Act	διαιρέω	advcl	27
2.19	29	·	PUNCT	Z		·	punct	27
2.19	30	οὐδὲν	ADJ	Px	Case=Nom|Gender=Neut|Number=Sing	οὐδείς	nsubj	33
2.19	31	ἦν	AUX	V-	Aspect=Imp|Mood=Ind|Number=Sing|Person=3|Tense=Past|VerbForm=Fin|Voice=Act	εἰμί	cop	33
2.19	32	πάντηι	ADV	Df		πάντηι	advmod	33
2.19	33	καλόν	ADJ	A-	Case=Nom|Degree=Pos|Gender=Neut|Number=Sing	καλός	ROOT	33
2.19	34	,	PUNCT	Z		,	punct	33
2.19	35	οὐδ	CCONJ	C-		οὐδ	ROOT	35
2.19	36	’	CCONJ	A-		’	cc	37
2.19	37	αἰσχρόν	ADJ	A-	Case=Nom|Degree=Pos|Gender=Neut|Number=Sing	αἰσχρός	ROOT	37
2.19	38	,	PUNCT	Z		,	ROOT	38
2.19	39	ἀλλὰ	CCONJ	C-		ἀλλά	ROOT	39
2.19	40	ταὔτ	ADJ	Pd	Case=Acc|Gender=Neut|Number=Plur	ταὔτ	obj	42
2.19	41	’	ADV	A-		’	obj	42
2.19	42	ἐποίησεν	VERB	V-	Aspect=Perf|Mood=Ind|Number=Sing|Person=3|Tense=Past|VerbForm=Fin|Voice=Act	ποιέω	ROOT	42
2.19	43	λαβών	VERB	V-	Aspect=Perf|Case=Nom|Gender=Masc|Number=Sing|Tense=Past|VerbForm=Part|Voice=Act	λαμβάνω	advcl	42
2.19	44	ὁ	DET	S-	Case=Nom|Definite=Def|Gender=Masc|Number=Sing|PronType=Dem	ὁ	det	45
2.19	45	καιρὸς	NOUN	Nb	Case=Nom|Gender=Masc|Number=Sing	καιρός	nsubj	42
2.19	46	αἰσχρὰ	ADJ	A-	Case=Acc|Degree=Pos|Gender=Neut|Number=Plur	αἰσχρός	xcomp	42
2.19	47	καὶ	CCONJ	C-		καί	cc	42
2.19	48	διαλλάξας	VERB	V-	Aspect=Perf|Case=Nom|Gender=Masc|Number=Sing|Tense=Past|VerbForm=Part|Voice=Act	διαλλάσσω	conj	42
2.19	49	καλά	ADJ	A-	Case=Acc|Degree=Pos|Gender=Neut|Number=Plur	καλός	obj	48
2.19	50	.	PUNCT	Z		.	punct	42
2.20	0	(	PUNCT	Df		(	ROOT	0
2.20	1	(	PUNCT	Pk	Case=Nom|Gender=Masc|Number=Sing	(	cc	10
2.20	2	20	ADV	Df		20	discourse	1
2.20	3	)	ADV	Z		)	discourse	2
2.20	4	)	ADV	Z		)	cc	1
2.20	5	ὡς	SCONJ	G-		ὡς	mark	9
2.20	6	δὲ	ADV	Df		δέ	discourse	9
2.20	7	τὸ	DET	S-	Case=Acc|Definite=Def|Gender=Neut|Number=Sing|PronType=Dem	ὁ	det	8
2.20	8	σύνολον	ADV	Df		σύνολος	advmod	9
2.20	9	εἶπαι	VERB	V-	Aspect=Perf|Mood=Ind|Number=Sing|Person=1|Tense=Past|VerbForm=Fin|Voice=Act	λέγω	advcl	10
2.20	10	,	PUNCT	Z		,	advmod	14
2.20	11	πάντα	ADJ	Px	Case=Nom|Gender=Neut|Number=Plur	πᾶς	nsubj	14
2.20	12	καιρῶι	NOUN	Nb	Case=Dat|Gender=Masc|Number=Sing	καιρῶι	obl	14
2.20	13	μὲν	ADV	Df		μέν	discourse	14
2.20	14	καλα	ADJ	A-	Case=Nom|Degree=Pos|Gender=Neut|Number=Plur	καλος	ROOT	14
2.20	15	ἐντι	AUX	V-	Mood=Ind|Number=Sing|Person=3|Tense=Pres|VerbForm=Fin|Voice=Act	εἰμί	cop	14
2.20	16	,	PUNCT	Z		,	punct	14
2.20	17	[	PUNCT	A-		[	advmod	22
2.20	18	ἐν	ADP	R-		ἐν	case	19
2.20	19	]	ADP	Z		]	dep	17
2.20	20	ἀκαιρίαι	NOUN	Nb	Case=Dat|Gender=Fem|Number=Sing	ἀκαιρίαι	conj	17
2.20	21	δ’	ADV	Df		δ’	discourse	22
2.20	22	αἰσχρά	ADJ	A-	Case=Nom|Degree=Pos|Gender=Neut|Number=Plur	αἰσχρός	ROOT	22
2.20	23	.	PUNCT	Z		.	punct	22
2.20	24	τί	PRON	Pi	Case=Acc|Gender=Neut|Number=Sing|PronType=Int	τίς	obj	26
2.20	25	ὦν	ADV	Df		οὖν	discourse	26
2.20	26	διεπραξάμην	VERB	V-	Aspect=Perf|Mood=Ind|Number=Sing|Person=1|Tense=Past|VerbForm=Fin|Voice=Mid	διαπράσσω	ROOT	26
2.20	27	;	PUNCT	Z		;	punct	26
2.20	28	ἔφαν	VERB	V-	Aspect=Perf|Mood=Ind|Number=Sing|Person=1|Tense=Past|VerbForm=Fin|Voice=Act	φημί	ROOT	28
2.20	29	ἀποδείξειν	VERB	V-	Tense=Fut|VerbForm=Inf|Voice=Act	ἀποδείξω	xcomp	28
2.20	30	ταὐτὰ	ADJ	Pd	Case=Acc|Gender=Neut|Number=Plur	αὐτός	obj	29
2.20	31	αἰσχρὰ	ADJ	A-	Case=Acc|Degree=Pos|Gender=Neut|Number=Plur	αἰσχρός	xcomp	29
2.20	32	καὶ	CCONJ	C-		καί	cc	31
2.20	33	καλὰ	ADJ	A-	Case=Acc|Degree=Pos|Gender=Neut|Number=Plur	καλός	conj	31
2.20	34	ἐόντα	AUX	V-	Case=Acc|Gender=Neut|Number=Plur|Tense=Pres|VerbForm=Part|Voice=Act	εἰμί	cop	31
2.20	35	,	PUNCT	Z	Polarity=Neg	,	dep	28
2.20	36	καὶ	CCONJ	C-		καί	cc	28
2.20	37	ἀπέδειξα	VERB	V-	Aspect=Perf|Mood=Ind|Number=Sing|Person=1|Tense=Past|VerbForm=Fin|Voice=Act	ἀποδείκνυμι	conj	28
2.20	38	ἐν	ADP	R-		ἐν	case	39
2.20	39	τούτοις	ADJ	Pd	Case=Dat|Gender=Neut|Number=Plur	οὗτος	obl	37
2.20	40	πᾶσι	DET	Px	Case=Dat|Gender=Neut|Number=Plur	πᾶς	det	39
2.20	41	.	PUNCT	Z		.	punct	28
2.21	0	(	PUNCT	Df		(	ROOT	0
2.21	1	(	PUNCT	Pp		(	ROOT	1
2.21	2	21	ADV	Df		21	discourse	5
2.21	3	)	ADV	Z		)	dep	2
2.21	4	)	ADV	Z		)	discourse	5
2.21	5	λέγεται	VERB	V-	Mood=Ind|Number=Sing|Person=3|Tense=Pres|VerbForm=Fin|Voice=Pass	λέγω	ROOT	5
2.21	6	δὲ	ADV	Df		δέ	discourse	5
2.21	7	καὶ	CCONJ	C-		καί	cc	10
2.21	8	περὶ	ADP	R-		περί	case	10
2.21	9	τῶ	DET	S-	Case=Dat|Definite=Def|Gender=Neut|Number=Sing|PronType=Dem	ὁ	det	10
2.21	10	αἰσχρῶ	ADJ	A-	Case=Dat|Degree=Pos|Gender=Neut|Number=Sing	αἰσχρῶ	nsubj:pass	5
2.21	11	καὶ	CCONJ	C-		καί	cc	10
2.21	12	〈	ADP	R-		〈	case	15
2.21	13	τῶ	DET	S-	Case=Dat|Definite=Def|Gender=Neut|Number=Sing|PronType=Dem	ὁ	det	15
2.21	14	〉	ADV	Df		〉	amod	15
2.21	15	καλῶ	ADJ	A-	Case=Dat|Degree=Pos|Gender=Neut|Number=Sing	καλέω	conj	10
2.21	16	,	PUNCT	Z	Case=Nom|Definite=Def|Gender=Fem|Number=Sing|PronType=Dem	,	nsubj:pass	5
2.21	17	ὡς	SCONJ	G-		ὡς	mark	19
2.21	18	ἄλλο	ADJ	Px	Case=Nom|Degree=Pos|Gender=Neut|Number=Sing	ἄλλος	nsubj	19
2.21	19	ἑκάτερον	ADJ	A-	Case=Nom|Degree=Pos|Gender=Neut|Number=Sing	ἑκάτερος	csubj:pass	5
2.21	20	εἴη	AUX	V-	Mood=Opt|Number=Sing|Person=3|Tense=Pres|VerbForm=Fin|Voice=Act	εἰμί	cop	19
2.21	21	.	PUNCT	Z		.	punct	5
2.21	22	ἐπεὶ	ADV	Df		ἐπεί	advmod	25
2.21	23	αἴ	ADV	Df		εἰ	mark	25
2.21	24	τις	ADJ	Px	Case=Nom|Gender=Masc|Number=Sing	τίς	nsubj	25
2.21	25	ἐρωτάσαι	VERB	V-	Aspect=Perf|Mood=Opt|Number=Sing|Person=3|Tense=Past|VerbForm=Fin|Voice=Act	ἐρωτάω	ROOT	25
2.21	26	τὼς	ADV	Df		τώς	det	27
2.21	27	λέγοντας	VERB	V-	Case=Acc|Gender=Masc|Number=Plur|Tense=Pres|VerbForm=Part|Voice=Act	λέγω	obj	25
2.21	28	,	PUNCT	Z	Case=Nom|Definite=Def|Gender=Fem|Number=Sing|PronType=Dem	,	punct	25
2.21	29	ὡς	SCONJ	G-		ὡς	mark	33
2.21	30	τὸ	DET	S-	Case=Nom|Definite=Def|Gender=Neut|Number=Sing|PronType=Dem	ὁ	det	32
2.21	31	αὐτὸ	DET	Pd	Case=Nom|Gender=Neut|Number=Sing	αὐτός	det	32
2.21	32	πρᾶγμα	NOUN	Nb	Case=Nom|Gender=Neut|Number=Sing	πρᾶγμα	nsubj	33
2.21	33	αἰσχρὸν	ADJ	A-	Case=Nom|Degree=Pos|Gender=Neut|Number=Sing	αἰσχρός	ROOT	33
2.21	34	καὶ	CCONJ	C-		καί	cc	33
2.21	35	καλόν	ADJ	A-	Case=Nom|Degree=Pos|Gender=Neut|Number=Sing	καλός	conj	33
2.21	36	ἐστιν	AUX	V-	Mood=Ind|Number=Sing|Person=3|Tense=Pres|VerbForm=Fin|Voice=Act	εἰμί	cop	33
2.21	37	,	PUNCT	Z		,	cc	33
2.21	38	αἴ	SCONJ	G-		εἰ	mark	43
2.21	39	ποκά	ADV	Df		ποτε	advmod	43
2.21	40	τι	DET	Px	Case=Nom|Gender=Neut|Number=Sing	τίς	nsubj	43
2.21	41	αὐτοῖς	PRON	Pp	Case=Dat|Gender=Masc|Number=Plur|Person=3|PronType=Prs	αὐτός	obl	43
2.21	42	καλὸν	ADJ	A-	Case=Nom|Degree=Pos|Gender=Neut|Number=Sing	καλός	xcomp	43
2.21	43	ἔργασται	VERB	V-	Aspect=Perf|Mood=Sub|Number=Sing|Person=3|Tense=Past|VerbForm=Fin|Voice=Mid	ἐργάζομαι	advcl	33
2.21	44	,	PUNCT	Z		,	cc	33
2.21	45	〈	ADV	Df		〈	advmod	49
2.21	46	καὶ	ADV	Df		καί	advmod	48
2.21	47	〉	DET	S-	Case=Nom|Definite=Def|Gender=Neut|Number=Sing|PronType=Dem	〉	det	48
2.21	48	αἰσχρὸν	ADJ	A-	Case=Nom|Degree=Pos|Gender=Neut|Number=Sing	αἰσχρός	nsubj	49
2.21	49	ὁμολογησοῦντι	VERB	V-	Mood=Ind|Number=Plur|Person=3|Tense=Fut|VerbForm=Fin|Voice=Act	ὁμολογησοῦ	conj	33
2.21	50	,	PUNCT	Z		,	conj	33
2.21	51	αἴπερ	PRON	Pr	Case=Nom|Gender=Fem|Number=Plur|PronType=Rel	αἴπερ	nsubj	52
2.21	52	τωὐτὸν	ADJ	Pd	Case=Acc|Gender=Neut|Number=Sing	τωὐτός	advcl	33
2.21	53	καὶ	CCONJ	C-		καί	cc	55
2.21	54	τὸ	DET	S-	Case=Nom|Definite=Def|Gender=Neut|Number=Sing|PronType=Dem	ὁ	det	55
2.21	55	αἰσχρὸν	ADJ	A-	Case=Nom|Degree=Pos|Gender=Neut|Number=Sing	αἰσχρός	nmod	32
2.21	56	καὶ	CCONJ	C-		καί	cc	55
2.21	57	τὸ	DET	S-	Case=Nom|Definite=Def|Gender=Neut|Number=Sing|PronType=Dem	ὁ	det	58
2.21	58	καλόν	ADJ	A-	Case=Nom|Degree=Pos|Gender=Neut|Number=Sing	καλός	conj	55
2.21	59	.	PUNCT	Z		.	punct	33
2.22	0	(	PUNCT	Df		(	ROOT	0
2.22	1	(	PUNCT	Pr		(	obj	10
2.22	2	22	ADV	Df		22	discourse	1
2.22	3	)	ADV	Z		)	discourse	1
2.22	4	)	ADV	Z		)	discourse	1
2.22	5	καὶ	CCONJ	C-		καί	cc	10
2.22	6	αἴ	SCONJ	G-		εἰ	mark	10
2.22	7	τινά	DET	Px	Case=Acc|Gender=Masc|Number=Sing	τίς	det	1
2.22	8	γα	ADV	Df		γε	discourse	10
2.22	9	καλὸν	ADJ	A-	Case=Acc|Degree=Pos|Gender=Masc|Number=Sing	καλός	amod	1
2.22	10	οἴδαντι	VERB	V-	Mood=Ind|Number=Plur|Person=3|Tense=Fut|VerbForm=Fin|Voice=Act	οἴδαντι	ROOT	10
2.22	11	ἄνδρα	NOUN	Nb	Case=Acc|Gender=Masc|Number=Sing	ἀνήρ	obj	10
2.22	12	,	PUNCT	Z		,	cc	1
2.22	13	τοῦτον	ADJ	Pd	Case=Acc|Gender=Masc|Number=Sing	οὗτος	det	1
2.22	14	καὶ	CCONJ	C-		καί	cc	10
2.22	15	αἰσχρὸν	ADJ	A-	Case=Acc|Degree=Pos|Gender=Masc|Number=Sing	αἰσχρός	conj	10
2.22	16	τὸν	DET	S-	Case=Acc|Definite=Def|Gender=Masc|Number=Sing|PronType=Dem	ὁ	det	17
2.22	17	αὐτόν	ADJ	Pd	Case=Acc|Gender=Masc|Number=Sing	αὐτός	obj	10
2.22	18	·	PUNCT	Z		·	punct	10
2.22	19	καὶ	CCONJ	C-		καί	cc	23
2.22	20	αἴ	SCONJ	G-		εἰ	mark	23
2.22	21	τινά	DET	Px	Case=Acc|Gender=Masc|Number=Sing	τίς	det	23
2.22	22	γα	ADV	Df		γε	discourse	21
2.22	23	λευκόν	ADJ	A-	Case=Acc|Degree=Pos|Gender=Masc|Number=Sing	λευκός	ROOT	23
2.22	24	,	PUNCT	Z		,	punct	23
2.22	25	καὶ	CCONJ	C-		καί	cc	26
2.22	26	μέλανα	ADJ	A-	Case=Acc|Degree=Pos|Gender=Masc|Number=Sing	μέλας	ROOT	26
2.22	27	τοῦτον	DET	Pd	Case=Acc|Gender=Masc|Number=Sing	οὗτος	det	29
2.22	28	τὸν	DET	S-	Case=Acc|Definite=Def|Gender=Masc|Number=Sing|PronType=Dem	ὁ	det	29
2.22	29	αὐτόν	ADJ	Pd	Case=Acc|Gender=Masc|Number=Sing	αὐτός	orphan	26
2.22	30	.	PUNCT	Z		.	ROOT	30
2.22	31	καὶ	CCONJ	C-		καί	cc	32
2.22	32	καλόν	ADJ	A-	Case=Nom|Degree=Pos|Gender=Neut|Number=Sing	καλός	ROOT	32
2.22	33	γ	ADV	Df		ΑΒΓ	discourse	32
2.22	34	’	CCONJ	C-		’	cc	32
2.22	35	ἐστὶ	AUX	V-	Mood=Ind|Number=Sing|Person=3|Tense=Pres|VerbForm=Fin|Voice=Act	εἰμί	cop	32
2.22	36	τὼς	DET	S-	Case=Acc|Definite=Def|Gender=Masc|Number=Plur|PronType=Dem	τώς	det	37
2.22	37	θεὼς	NOUN	Nb	Case=Acc|Gender=Masc|Number=Plur	θεὼς	obj	38
2.22	38	σέβεσθαι	VERB	V-	Tense=Pres|VerbForm=Inf|Voice=Mid	σέβω	ccomp	32
2.22	39	,	PUNCT	Z		,	punct	32
2.22	40	καὶ	CCONJ	C-		καί	ROOT	40
2.22	41	αἰσχρὸν	ADJ	A-	Case=Nom|Degree=Pos|Gender=Neut|Number=Sing	αἰσχρός	ROOT	41
2.22	42	αὖ	ADV	Df		αὗ	discourse	45
2.22	43	τὼς	DET	S-	Case=Acc|Definite=Def|Gender=Masc|Number=Plur|PronType=Dem	τώς	det	44
2.22	44	θεὼς	NOUN	Nb	Case=Acc|Gender=Masc|Number=Plur	θεὼς	obj	45
2.22	45	σέβεσθαι	VERB	V-	Tense=Pres|VerbForm=Inf|Voice=Mid	σέβω	ccomp	41
2.22	46	,	PUNCT	Z	Case=Acc|Gender=Masc|Number=Sing	,	nsubj	41
2.22	47	αἴπερ	PRON	Pr	Case=Nom|Gender=Fem|Number=Plur|PronType=Rel	αἴπερ	nsubj	49
2.22	48	τωὐτὸν	ADJ	Pd	Case=Acc|Gender=Neut|Number=Sing	τωὐτός	advmod	49
2.22	49	αἰσχρὸν	ADJ	A-	Case=Nom|Degree=Pos|Gender=Neut|Number=Sing	αἰσχρός	ccomp	41
2.22	50	καὶ	CCONJ	C-		καί	cc	49
2.22	51	καλόν	ADJ	A-	Case=Nom|Degree=Pos|Gender=Neut|Number=Sing	καλός	conj	49
2.22	52	ἐστι	AUX	V-	Mood=Ind|Number=Sing|Person=3|Tense=Pres|VerbForm=Fin|Voice=Act	εἰμί	cop	49
2.22	53	.	PUNCT	Z		.	punct	41
2.23	0	(	PUNCT	Df		(	ROOT	0
2.23	1	(	PUNCT	Pp		(	discourse	10
2.23	2	23	ADV	Df		23	discourse	10
2.23	3	)	ADV	Z		)	dep	2
2.23	4	)	ADV	Z		)	dep	2
2.23	5	καὶ	CCONJ	C-		καί	cc	10
2.23	6	τάδε	ADJ	Pd	Case=Nom|Gender=Neut|Number=Plur	ὅδε	nsubj:pass	10
2.23	7	μὲν	ADV	Df		μέν	discourse	10
2.23	8	περὶ	ADP	R-		περί	case	9
2.23	9	ἁπάντων	ADJ	A-	Case=Gen|Degree=Pos|Gender=Masc|Number=Plur	ἅπας	obl	10
2.23	10	εἰρήσθω	VERB	V-	Aspect=Perf|Mood=Imp|Number=Sing|Person=3|Tense=Past|VerbForm=Fin|Voice=Pass	λέγω	ROOT	10
2.23	11	μοι	PRON	Pp	Case=Dat|Gender=Masc|Number=Sing|Person=1|PronType=Prs	ἐγώ	iobj	10
2.23	12	·	PUNCT	Z		·	punct	10
2.23	13	τρέψομαι	VERB	V-	Mood=Ind|Number=Sing|Person=1|Tense=Fut|VerbForm=Fin|Voice=Mid	τρέπω	ROOT	13
2.23	14	δὲ	ADV	Df		δέ	discourse	13
2.23	15	ἐπὶ	ADP	R-		ἐπί	case	17
2.23	16	τὸν	DET	S-	Case=Acc|Definite=Def|Gender=Masc|Number=Sing|PronType=Dem	ὁ	det	17
2.23	17	λόγον	NOUN	Nb	Case=Acc|Gender=Masc|Number=Sing	λόγος	obl	13
2.23	18	αὐτῶν	PRON	Pp	Case=Gen|Gender=Masc|Number=Plur|Person=3|PronType=Prs	αὐτός	det	17
2.23	19	,	PUNCT	Z		,	punct	13
2.23	20	ὃν	PRON	Pr	Case=Acc|Gender=Masc|Number=Sing|PronType=Rel	ὅς	obj	21
2.23	21	λέγοντι	VERB	V-	Case=Dat|Gender=Masc|Number=Sing|Tense=Pres|VerbForm=Part|Voice=Act	λέγω	ROOT	21
2.23	22	.	PUNCT	Z		.	ROOT	22
2.24	0	(	PUNCT	Df		(	ROOT	0
2.24	1	(	PUNCT	Pp		(	case	4
2.24	2	21	ADV	Df		21	dep	1
2.24	3	)	ADV	Z		)	dep	1
2.24	4	)	ADV	Z		)	advmod	9
2.24	5	αἰ	SCONJ	G-		εἰ	dep	9
2.24	6	γὰρ	ADV	Df		γάρ	discourse	9
2.24	7	τὰν	DET	S-	Case=Acc|Definite=Def|Gender=Fem|Number=Sing|PronType=Dem	ὅς	det	8
2.24	8	γυναῖκα	NOUN	Nb	Case=Acc|Gender=Fem|Number=Sing	γυνή	obj	11
2.24	9	καλόν	ADJ	A-	Case=Nom|Degree=Pos|Gender=Neut|Number=Sing	καλός	ROOT	9
2.24	10	ἐστι	AUX	V-	Mood=Ind|Number=Sing|Person=3|Tense=Pres|VerbForm=Fin|Voice=Act	εἰμί	cop	9
2.24	11	κοσμεῖσθαι	VERB	V-	Tense=Pres|VerbForm=Inf|Voice=Pass	κοσμέω	ccomp	9
2.24	12	,	PUNCT	Z		,	punct	9
2.24	13	τὰν	DET	S-	Case=Acc|Definite=Def|Gender=Fem|Number=Sing|PronType=Dem	ὁ	det	14
2.24	14	γυναῖκα	NOUN	Nb	Case=Acc|Gender=Fem|Number=Sing	γυνή	nsubj	20
2.24	15	〈	ADV	Df		〈	dep	14
2.24	16	καὶ	CCONJ	C-		καί	cc	18
2.24	17	〉	ADP	A-		〉	dep	18
2.24	18	αἰσχρὸν	ADJ	A-	Case=Nom|Degree=Pos|Gender=Neut|Number=Sing	αἰσχρός	conj	15
2.24	19	κοσμεῖσθαι	VERB	V-	Tense=Pres|VerbForm=Inf|Voice=Pass	κοσμέω	ccomp	18
2.24	20	,	PUNCT	Z		,	ROOT	20
2.24	21	αἴπερ	PRON	Pr	Case=Nom|Gender=Fem|Number=Plur|PronType=Rel	αἴπερ	nsubj	23
2.24	22	τωὐτὸν	DET	Pd	Case=Acc|Gender=Fem|Number=Sing	τωὐτός	obl	23
2.24	23	αἰσχρὸν	ADJ	A-	Case=Nom|Degree=Pos|Gender=Neut|Number=Sing	αἰσχρός	appos	20
2.24	24	καὶ	CCONJ	C-		καί	cc	23
2.24	25	καλόν	ADJ	A-	Case=Nom|Degree=Pos|Gender=Neut|Number=Sing	καλός	conj	23
2.24	26	·	PUNCT	Z		·	ROOT	26
2.24	27	καὶ	CCONJ	C-		καί	ROOT	27
2.24	28	τἆ	ADJ	Px	Case=Acc|Gender=Neut|Number=Plur	τἆ	dislocated	27
2.24	29	λλα	ADJ	Px	Case=Acc|Gender=Neut|Number=Plur	λλα	nsubj	27
2.24	30	κατὰ	ADP	R-		κατά	case	31
2.24	31	τωὐτόν	ADJ	Pd	Case=Acc|Gender=Neut|Number=Sing	τωὐτός	obl	27
2.24	32	.	PUNCT	Z		.	punct	27
2.25	0	(	PUNCT	Pp		(	ROOT	0
2.25	1	(	PUNCT	Pp		(	ROOT	1
2.25	2	25	ADV	Df		25	discourse	8
2.25	3	)	ADV	Z		)	discourse	2
2.25	4	)	ADV	Z		)	discourse	8
2.25	5	ἐν	ADP	R-		ἐν	case	6
2.25	6	Λακεδαίμονί	PROPN	Ne	Case=Dat|Gender=Fem|Number=Sing	Λακεδαίμων	obl	8
2.25	7	ἐστι	AUX	V-	Mood=Ind|Number=Sing|Person=3|Tense=Pres|VerbForm=Fin|Voice=Act	εἰμί	cop	8
2.25	8	καλὸν	ADJ	A-	Case=Nom|Degree=Pos|Gender=Neut|Number=Sing	καλός	ROOT	8
2.25	9	τὰς	DET	S-	Case=Acc|Definite=Def|Gender=Fem|Number=Plur|PronType=Dem	ὁ	det	10
2.25	10	παῖδας	NOUN	Nb	Case=Acc|Gender=Masc|Number=Plur	παῖς	obj	11
2.25	11	γυμνάζεσθαι	VERB	V-	Tense=Pres|VerbForm=Inf|Voice=Mid	γυμνάζομαι	ccomp	8
2.25	12	,	PUNCT	Z		,	punct	8
2.25	13	ἐν	ADP	R-		ἐν	case	14
2.25	14	Λακεδαίμονί	PROPN	Ne	Case=Dat|Gender=Fem|Number=Sing	Λακεδαίμονί	obl	16
2.25	15	ἐστιν	AUX	V-	Mood=Ind|Number=Sing|Person=3|Tense=Pres|VerbForm=Fin|Voice=Act	εἰμί	cop	16
2.25	16	αἰσχρὸν	ADJ	A-	Case=Nom|Degree=Pos|Gender=Neut|Number=Sing	αἰσχρός	ROOT	16
2.25	17	τὰς	DET	S-	Case=Acc|Definite=Def|Gender=Fem|Number=Plur|PronType=Dem	ὁ	det	18
2.25	18	παῖδας	NOUN	Nb	Case=Acc|Gender=Fem|Number=Plur	παῖς	obj	19
2.25	19	γυμνάζεσθαι	VERB	V-	Tense=Pres|VerbForm=Inf|Voice=Mid	γυμνάζομαι	ccomp	16
2.25	20	,	PUNCT	Z	Aspect=Imp|Mood=Ind|Number=Sing|Person=3|Tense=Past|VerbForm=Fin|Voice=Pass	,	dep	16
2.25	21	καὶ	CCONJ	C-		καί	cc	16
2.25	22	τἆ	ADJ	Px	Case=Acc|Gender=Neut|Number=Plur	τἆ	conj	18
2.25	23	λλα	ADJ	Px	Case=Acc|Gender=Neut|Number=Plur	λλα	obl	16
2.25	24	οὕτως	ADV	Df		οὕτως	advmod	16
2.25	25	.	PUNCT	Z		.	punct	16
2.26	0	(	PUNCT	R-		(	ROOT	0
2.26	1	(	PUNCT	R-		(	dep	0
2.26	2	26	ADV	Df		26	cc	0
2.26	3	)	ADV	Z		)	dep	0
2.26	4	)	ADV	Z		)	dep	0
2.26	5	λέγοντι	VERB	V-	Case=Dat|Gender=Masc|Number=Sing|Tense=Pres|VerbForm=Part|Voice=Act	λέγω	conj	0
2.26	6	δέ	ADV	Df		δέ	discourse	5
2.26	7	,	PUNCT	Z		,	advmod	5
2.26	8	ὡς	SCONJ	G-		ὡς	mark	17
2.26	9	αἴ	DET	Pp	Case=Nom|Definite=Def|Gender=Fem|Number=Plur|PronType=Dem	εἰ	det	10
2.26	10	τινες	ADJ	Px	Case=Nom|Gender=Fem,Masc|Number=Plur	τίς	nsubj	17
2.26	11	τὰ	DET	S-	Case=Acc|Definite=Def|Gender=Neut|Number=Plur|PronType=Dem	ὁ	det	12
2.26	12	αἰσχρὰ	ADJ	A-	Case=Acc|Degree=Pos|Gender=Neut|Number=Plur	αἰσχρός	obj	17
2.26	13	ἐκ	ADP	R-		ἐκ	case	15
2.26	14	τῶν	DET	S-	Case=Gen|Definite=Def|Number=Plur|PronType=Dem	ὁ	det	15
2.26	15	ἐθνέων	NOUN	Nb	Case=Gen|Gender=Neut|Number=Plur	ἔθνος	obl	17
2.26	16	πάντοθεν	ADV	Df		πάντοθεν	advmod	17
2.26	17	συνενείκαιεν	VERB	V-	Aspect=Perf|Mood=Opt|Number=Plur|Person=3|Tense=Past|VerbForm=Fin|Voice=Act	συμφέρω	ccomp	7
2.26	18	,	PUNCT	Z		,	ROOT	18
2.26	19	ἔπειτα	ADV	Df		ἔπειτα	advmod	21
2.26	20	συγκαλέσαντες	VERB	V-	Aspect=Perf|Case=Nom|Gender=Masc|Number=Plur|Tense=Past|VerbForm=Part|Voice=Act	συγκαλέζω	advcl	21
2.26	21	κελεύοιεν	VERB	V-	Mood=Opt|Number=Plur|Person=3|Tense=Pres|VerbForm=Fin|Voice=Act	κελεύω	conj	18
2.26	22	,	PUNCT	Z		,	ROOT	22
2.26	23	ἅ	PRON	Pr	Case=Acc|Gender=Neut|Number=Plur|PronType=Rel	ὅς	obj	26
2.26	24	τις	ADJ	Px	Case=Nom|Gender=Fem,Masc|Number=Sing	τίς	nsubj	26
2.26	25	καλὰ	ADJ	A-	Case=Acc|Degree=Pos|Gender=Neut|Number=Plur	καλός	xcomp	26
2.26	26	νομίζοι	VERB	V-	Mood=Opt|Number=Sing|Person=3|Tense=Pres|VerbForm=Fin|Voice=Act	νομίζω	acl	22
2.26	27	,	PUNCT	Z		,	obj	28
2.26	28	λαμβάνεν	VERB	V-	Tense=Pres|VerbForm=Inf|Voice=Act	λαμβάνω	ROOT	28
2.26	29	,	PUNCT	Z		,	ROOT	29
2.26	30	πάντα	ADJ	Px	Case=Acc|Gender=Neut|Number=Plur	πᾶς	nsubj:pass	34
2.26	31	κα	ADV	Df		κα	advmod	34
2.26	32	ἐν	ADP	R-		ἐν	case	33
2.26	33	καλῶι	ADJ	A-	Case=Dat|Degree=Pos|Gender=Neut|Number=Sing	καλῶι	obl	34
2.26	34	ἀπενειχθῆμεν	VERB	V-	Aspect=Perf|Mood=Ind|Number=Plur|Person=1|Tense=Past|VerbForm=Fin|Voice=Pass	ἀπενειχθῆμεν	conj	29
2.26	35	·	PUNCT	Z		·	ROOT	35
2.26	36	ἐγὼ	PRON	Pp	Case=Nom|Gender=Masc|Number=Sing|Person=1|PronType=Prs	ἐγώ	nsubj	37
2.26	37	θαυμάζω	VERB	V-	Mood=Ind|Number=Sing|Person=1|Tense=Pres|VerbForm=Fin|Voice=Act	θαυμάζω	ROOT	37
2.26	38	,	PUNCT	Z		,	punct	37
2.26	39	αἰ	PRON	G-	Case=Nom|Gender=Fem|Number=Plur|PronType=Rel	εἰ	mark	44
2.26	40	τὰ	DET	S-	Case=Nom|Definite=Def|Gender=Neut|Number=Plur|PronType=Dem	ὁ	det	42
2.26	41	αἰσχρὰ	ADJ	A-	Case=Nom|Degree=Pos|Gender=Neut|Number=Plur	αἰσχρός	amod	42
2.26	42	συνενεχθέντα	VERB	V-	Aspect=Perf|Case=Nom|Gender=Neut|Number=Plur|Tense=Past|VerbForm=Part|Voice=Pass	συμφέρω	nsubj:pass	44
2.26	43	καλὰ	ADJ	A-	Case=Nom|Degree=Pos|Gender=Neut|Number=Plur	καλός	xcomp	44
2.26	44	ἐσεῖται	VERB	V-	Aspect=Perf|Mood=Ind|Number=Sing|Person=3|Tense=Past|VerbForm=Fin|Voice=Pass	ἐσεῖται	ROOT	44
2.26	45	,	PUNCT	Z		,	nsubj:pass	44
2.26	46	καὶ	CCONJ	C-		καί	cc	45
2.26	47	οὐχ	ADV	Df	Polarity=Neg	οὐ	advmod	49
2.26	48	οἱάπερ	PRON	Pr	Case=Nom|Gender=Fem|Number=Sing|PronType=Rel	οἱάπερ	xcomp	49
2.26	49	ἦνθεν	AUX	V-	Aspect=Imp|Mood=Ind|Number=Sing|Person=3|Tense=Past|VerbForm=Fin|Voice=Act	ἦνθεν	conj	45
2.26	50	.	PUNCT	Z		.	punct	44
2.27	0	(	PUNCT	Df		(	ROOT	0
2.27	1	(	PUNCT	Pp		(	ROOT	1
2.27	2	27	ADV	Df		27	discourse	1
2.27	3	)	ADV	Z		)	discourse	2
2.27	4	)	ADV	Z		)	discourse	1
2.27	5	αἰ	DET	S-	Case=Nom|Definite=Def|Gender=Fem|Number=Plur|PronType=Dem	εἰ	det	14
2.27	6	γοῦν	ADV	Df		γοῦν	discourse	14
2.27	7	ἵππως	NOUN	Nb	Case=Nom|Gender=Fem|Number=Plur	ἵππως	obj	14
2.27	8	ἢ	CCONJ	C-		ἤ	cc	7
2.27	9	βῶς	NOUN	Nb	Case=Nom|Gender=Fem|Number=Sing	βῶς	conj	7
2.27	10	ἢ	CCONJ	C-		ἤ	cc	7
2.27	11	ὄϊς	PRON	Pr	Case=Dat|Gender=Masc|Number=Plur|PronType=Rel	ὄις	conj	7
2.27	12	ἢ	CCONJ	C-		ἤ	cc	11
2.27	13	ἀνθρώπως	NOUN	Nb	Case=Dat|Gender=Masc|Number=Plur	ἀνθρώπως	conj	11
2.27	14	ἄγαγον	VERB	V-	Aspect=Perf|Mood=Ind|Number=Plur|Person=3|Tense=Past|VerbForm=Fin|Voice=Act	ἄγω	conj	1
2.27	15	,	PUNCT	Z		,	ROOT	15
2.27	16	οὐκ	ADV	Df	Polarity=Neg	οὐ	advmod	20
2.27	17	ἄλλο	ADJ	Px	Case=Acc|Gender=Neut|Number=Sing	ἄλλος	obj	20
2.27	18	τί	DET	Px	Case=Acc|Gender=Neut|Number=Sing	τίς	det	17
2.27	19	κα	ADV	Df		κα	advmod	20
2.27	20	ἀπᾶγον	VERB	V-	Case=Nom|Gender=Neut|Number=Sing|Tense=Pres|VerbForm=Part|Voice=Act	ἀπᾶγος	ROOT	20
2.27	21	·	PUNCT	Z		·	punct	20
2.27	22	ἐπεὶ	ADV	Df		ἐπεί	advmod	27
2.27	23	οὐδ	ADV	Df	Polarity=Neg	οὐδ	advmod	27
2.27	24	’	SCONJ	G-		’	obj	27
2.27	25	αἰ	PRON	Pp	Case=Nom|Gender=Fem|Number=Plur|Person=3|PronType=Prs	εἰ	iobj	27
2.27	26	χρυσὸν	NOUN	Nb	Case=Acc|Gender=Masc|Number=Sing	χρυσός	obj	27
2.27	27	ἤνεικαν	VERB	V-	Aspect=Perf|Mood=Ind|Number=Plur|Person=3|Tense=Past|VerbForm=Fin|Voice=Act	φέρω	ROOT	27
2.27	28	,	PUNCT	Z		,	punct	27
2.27	29	χαλκόν	NOUN	Nb	Case=Acc|Gender=Masc|Number=Sing	χαλκός	obj	31
2.27	30	[	PUNCT	Df		[	discourse	29
2.27	31	ἀπήνεικαν	VERB	V-	Aspect=Perf|Mood=Ind|Number=Plur|Person=3|Tense=Past|VerbForm=Fin|Voice=Act	ἀπήνεικαν	ROOT	31
2.27	32	]	ADV	Z		]ς	amod	29
2.27	33	,	PUNCT	Z		,	appos	31
2.27	34	οὐδ	CCONJ	C-		οὐδ	cc	29
2.27	35	’	SCONJ	G-		’	obj	38
2.27	36	αἰ	PRON	Pp	Case=Nom|Gender=Fem|Number=Plur|Person=3|PronType=Prs	εἰ	nsubj	38
2.27	37	ἄργυρον	NOUN	Nb	Case=Acc|Gender=Masc|Number=Sing	ἄργυρος	obj	38
2.27	38	ἤνεικαν	VERB	V-	Aspect=Perf|Mood=Ind|Number=Plur|Person=3|Tense=Past|VerbForm=Fin|Voice=Act	φέρω	conj	29
2.27	39	,	PUNCT	Z		,	appos	29
2.27	40	μόλιβδόν	NOUN	Nb	Case=Acc|Gender=Masc|Number=Sing	μόλιβδόν	obj	42
2.27	41	κα	ADV	Df		κα	amod	40
2.27	42	ἀπέφερον	VERB	V-	Aspect=Imp|Mood=Ind|Number=Plur|Person=3|Tense=Past|VerbForm=Fin|Voice=Act	ἀποφέρω	conj	31
2.27	43	.	PUNCT	Z		.	punct	31
2.28	0	(	PUNCT	Pp		(	ROOT	0
2.28	1	(	PUNCT	Pp		(	ROOT	1
2.28	2	28	ADV	Df		28	discourse	1
2.28	3	)	ADV	Z		)	discourse	2
2.28	4	)	ADV	Z		)	dep	1
2.28	5	ἀντὶ	ADP	R-		ἀντί	case	11
2.28	6	δ’	ADV	Df		δ’	discourse	11
2.28	7	ἄρα	ADV	Df		ἆρα	discourse	11
2.28	8	τῶν	DET	S-	Case=Gen|Definite=Def|Number=Plur|PronType=Dem	ὁ	det	9
2.28	9	αἰσχρῶν	ADJ	A-	Case=Gen|Degree=Pos|Gender=Neut|Number=Plur	αἰσχρός	nmod	10
2.28	10	καλὰ	ADJ	A-	Case=Acc|Degree=Pos|Gender=Neut|Number=Plur	καλός	obj	11
2.28	11	ἀπάγοντι	VERB	V-	Case=Dat|Gender=Masc|Number=Sing|Tense=Pres|VerbForm=Part|Voice=Act	ἀπάγο	conj	1
2.28	12	;	PUNCT	Z		;	punct	1
2.28	13	φέρε	VERB	V-	Mood=Imp|Number=Sing|Person=2|Tense=Pres|VerbForm=Fin|Voice=Act	φέρω	ROOT	13
2.28	14	δή	ADV	Df		δή	discourse	13
2.28	15	,	PUNCT	Z		,	punct	13
2.28	16	αἰ	SCONJ	G-		εἰ	mark	23
2.28	17	ἄρα	ADV	Df		ἆρα	discourse	19
2.28	18	τις	ADJ	Px	Case=Nom|Gender=Fem,Masc|Number=Sing	τίς	nsubj	19
2.28	19	αἰσχρὸν	ADJ	A-	Case=Acc|Degree=Pos|Gender=Masc|Number=Sing	αἰσχρός	amod	20
2.28	20	〈	ADV	Df		〈	advmod	23
2.28	21	ἄνδρα	NOUN	Nb	Case=Acc|Gender=Masc|Number=Sing	ἀνήρ	obj	23
2.28	22	〉	ADV	Df		〉	amod	21
2.28	23	ἄγαγε	VERB	V-	Aspect=Perf|Mood=Imp|Number=Sing|Person=2|Tense=Past|VerbForm=Fin|Voice=Act	ἄγω	ROOT	23
2.28	24	τοῦτον	DET	Pd	Case=Acc|Gender=Masc|Number=Sing	οὗτος	det	21
2.28	25	δ’	ADV	Df		δ’	dep	23
2.28	26	αὖ	ADV	Df		αὗ	discourse	29
2.28	27	κα	ADV	Df		κα	orphan	28
2.28	28	καλὸν	ADJ	A-	Case=Acc|Degree=Pos|Gender=Masc|Number=Sing	καλός	dep	26
2.28	29	ἀπᾶγε	VERB	V-	Mood=Imp|Number=Sing|Person=2|Tense=Pres|VerbForm=Fin|Voice=Act	ἀπᾶγε	conj	23
2.28	30	;	PUNCT	Z		;	punct	23
2.28	31	ποιητὰς	NOUN	Nb	Case=Acc|Gender=Masc|Number=Plur	ποιητής	obj	34
2.28	32	δὲ	ADV	Df		δέ	discourse	34
2.28	33	μάρτυρας	NOUN	Nb	Case=Acc|Gender=Masc|Number=Plur	μάρτυς	xcomp	34
2.28	34	ἐπάγονται	VERB	V-	Mood=Ind|Number=Plur|Person=3|Tense=Pres|VerbForm=Fin|Voice=Mid	ἐπάγω	ROOT	34
2.28	35	,	PUNCT	Z		,	dep	34
2.28	36	〈	ADV	Df		〈	ROOT	36
2.28	37	οἳ	PRON	Pr	Case=Nom|Gender=Masc|Number=Plur|PronType=Rel	ὁ	nsubj	38
2.28	38	〉	ADV	Df		〉	dislocated	36
2.28	39	ποτὶ	ADP	R-		πρός	case	40
2.28	40	ἁδονάν	PROPN	Ne	Case=Acc|Gender=Masc|Number=Sing	ἁδονός	obl	36
2.28	41	,	PUNCT	Z		,	advmod	46
2.28	42	οὐ	ADV	Df	Polarity=Neg	οὐ	advmod	46
2.28	43	ποτ	ADV	Df		ποτ	advmod	46
2.28	44	’	SCONJ	A-		’	nsubj	46
2.28	45	ἀλάθειαν	NOUN	Nb	Case=Acc|Gender=Fem|Number=Sing	ἀλήθεια	obj	46
2.28	46	ποιεῦντι	VERB	V-	Mood=Ind|Number=Plur|Person=3|Tense=Pres|VerbForm=Fin|Voice=Act	ποιέω	ROOT	46
2.28	47	.	PUNCT	Z		.	punct	46
3.1	0	(	PUNCT	Df		(	dep	1
3.1	1	(	PUNCT	Df		(	advmod	8
3.1	2	1	ADV	Df		1	discourse	1
3.1	3	)	ADV	Z		)	dep	1
3.1	4	)	ADV	Z		)	dep	8
3.1	5	δισσοὶ	ADJ	A-	Case=Nom|Degree=Pos|Gender=Masc|Number=Plur	δισσός	dislocated	8
3.1	6	δὲ	ADV	Df		δέ	discourse	8
3.1	7	λόγοι	NOUN	Nb	Case=Nom|Gender=Masc|Number=Plur	λόγος	nsubj:pass	8
3.1	8	λέγονται	VERB	V-	Mood=Ind|Number=Plur|Person=3|Tense=Pres|VerbForm=Fin|Voice=Pass	λέγω	ROOT	8
3.1	9	καὶ	CCONJ	C-		καί	cc	12
3.1	10	περὶ	ADP	R-		περί	case	12
3.1	11	τῶ	DET	S-	Case=Dat|Definite=Def|Gender=Masc|Number=Sing|PronType=Dem	ὁ	det	12
3.1	12	δικαίω	ADJ	A-	Case=Dat|Degree=Pos|Gender=Masc|Number=Sing	δικαίω	appos	8
3.1	13	καὶ	CCONJ	C-		καί	cc	12
3.1	14	τῶ	DET	S-	Case=Dat|Definite=Def|Gender=Masc|Number=Sing|PronType=Dem	ὁ	det	15
3.1	15	ἀδίκω	ADJ	A-	Case=Dat|Degree=Pos|Gender=Masc|Number=Sing	ἀδίκω	conj	12
3.1	16	.	PUNCT	Z		.	punct	8
3.1	17	καὶ	CCONJ	C-		καί	cc	20
3.1	18	τοὶ	PRON	Pp	Case=Dat|Gender=Masc|Number=Sing|Person=2|PronType=Prs	σύ	obl	20
3.1	19	μὲν	ADV	Df		μέν	discourse	20
3.1	20	ἄλλο	ADJ	Px	Case=Nom|Gender=Neut|Number=Sing	ἄλλος	ROOT	20
3.1	21	ἦμεν	AUX	V-	Aspect=Imp|Mood=Ind|Number=Plur|Person=1|Tense=Past|VerbForm=Fin|Voice=Act	εἰμί	cop	20
3.1	22	τὸ	DET	S-	Case=Nom|Definite=Def|Gender=Neut|Number=Sing|PronType=Dem	ὁ	det	23
3.1	23	δίκαιον	ADJ	A-	Case=Nom|Degree=Pos|Gender=Neut|Number=Sing	δίκαιος	nsubj	20
3.1	24	,	PUNCT	Z		,	punct	20
3.1	25	ἄλλο	ADJ	Px	Case=Nom|Gender=Neut|Number=Sing	ἄλλος	ROOT	25
3.1	26	δὲ	ADV	Df		δέ	discourse	25
3.1	27	τὸ	DET	S-	Case=Nom|Definite=Def|Gender=Neut|Number=Sing|PronType=Dem	ὁ	det	28
3.1	28	ἄδικον	ADJ	A-	Case=Nom|Degree=Pos|Gender=Neut|Number=Sing	ἄδικος	nsubj	25
3.1	29	·	PUNCT	Z		·	punct	25
3.1	30	τοὶ	PRON	Pp	Case=Dat|Gender=Masc|Number=Sing|Person=2|PronType=Prs	σύ	obl	33
3.1	31	δὲ	ADV	Df		δέ	discourse	33
3.1	32	τωὐτὸ	ADJ	A-	Case=Nom|Degree=Pos|Gender=Neut|Number=Sing	αὐτός	nsubj	33
3.1	33	δίκαιον	ADJ	A-	Case=Nom|Degree=Pos|Gender=Neut|Number=Sing	δίκαιος	ROOT	33
3.1	34	καὶ	CCONJ	C-		καί	cc	33
3.1	35	ἄδικον	ADJ	A-	Case=Nom|Degree=Pos|Gender=Neut|Number=Sing	ἄδικος	conj	33
3.1	36	·	PUNCT	Z		·	punct	33
3.1	37	καὶ	CCONJ	C-		καί	cc	40
3.1	38	ἐγὼ	PRON	Pp	Case=Nom|Gender=Masc|Number=Sing|Person=1|PronType=Prs	ἐγώ	nsubj	40
3.1	39	τούτωι	ADJ	Pd	Case=Dat|Gender=Neut|Number=Sing	τούτωι	iobj	40
3.1	40	πειρασοῦμαι	VERB	V-	Mood=Ind|Number=Sing|Person=1|Tense=Pres|VerbForm=Fin|Voice=Mid	πειρασοῦμαι	ROOT	40
3.1	41	τιμωρέν	VERB	V-	Tense=Pres|VerbForm=Inf|Voice=Act	τιμωρέν	xcomp	40
3.1	42	.	PUNCT	Z		.	punct	40
3.2	0	(	PUNCT	Pp		(	ROOT	0
3.2	1	(	PUNCT	Pp		(	cc	10
3.2	2	2	ADV	Df		2	discourse	10
3.2	3	)	ADV	Z		)	discourse	2
3.2	4	)	ADV	Z		)	dep	2
3.2	5	καὶ	CCONJ	C-		καί	cc	8
3.2	6	πρῶτον	ADJ	Mo	Case=Acc|Gender=Neut|Number=Sing	πρῶτος	advmod	8
3.2	7	μὲν	ADV	Df		μέν	discourse	8
3.2	8	ψεύδεσθαι	VERB	V-	Tense=Pres|VerbForm=Inf|Voice=Mid	ψεύδω	ccomp	10
3.2	9	ὡς	SCONJ	G-		ὡς	advmod	10
3.2	10	δίκαιόν	ADJ	A-	Case=Nom|Degree=Pos|Gender=Neut|Number=Sing	δίκαιος	ROOT	10
3.2	11	ἐστι	AUX	V-	Mood=Ind|Number=Sing|Person=3|Tense=Pres|VerbForm=Fin|Voice=Act	εἰμί	cop	10
3.2	12	λεξῶ	VERB	V-	Mood=Ind|Number=Sing|Person=1|Tense=Fut|VerbForm=Fin|Voice=Act	λεξῶ	ccomp	10
3.2	13	καὶ	CCONJ	C-		καί	cc	12
3.2	14	ἐξαπατᾶν	VERB	V-	Tense=Pres|VerbForm=Inf|Voice=Act	ἐξαπατάω	ccomp	12
3.2	15	.	PUNCT	Z		.	punct	10
3.2	16	τὼς	DET	S-	Case=Acc|Definite=Def|Gender=Masc|Number=Plur|PronType=Dem	τώς	det	19
3.2	17	μὲν	ADV	Df		μέν	discourse	22
3.2	18	πολεμίως	ADJ	A-	Case=Acc|Degree=Pos|Gender=Masc|Number=Plur	πολέμιος	advmod	20
3.2	19	ταῦτα	ADJ	Pd	Case=Acc|Gender=Neut|Number=Plur	οὗτος	obj	20
3.2	20	ποιὲν	VERB	V-	Case=Acc|Gender=Masc|Number=Plur|Tense=Pres|VerbForm=Part|Voice=Act	ποιὲν	xcomp	21
3.2	21	〈	VERB	V-	Case=Acc|Gender=Masc|Number=Plur|Tense=Pres|VerbForm=Part|Voice=Act	〈	advcl	22
3.2	22	καλὸν	ADJ	A-	Case=Nom|Degree=Pos|Gender=Neut|Number=Sing	καλός	ROOT	22
3.2	23	καὶ	CCONJ	C-		καί	cc	22
3.2	24	δίκαιον	ADJ	A-	Case=Nom|Degree=Pos|Gender=Neut|Number=Sing	δίκαιος	conj	22
3.2	25	,	PUNCT	Z		,	dep	22
3.2	26	τὼς	DET	S-	Case=Acc|Definite=Def|Gender=Masc|Number=Plur|PronType=Dem	τώς	det	34
3.2	27	δὲ	ADV	Df		δέ	discourse	34
3.2	28	φίλως	NOUN	Nb	Case=Acc|Gender=Masc|Number=Plur	φίλος	obl	34
3.2	29	〉	CCONJ	Df		〉	cop	30
3.2	30	αἰσχρὸν	ADJ	A-	Case=Acc|Degree=Pos|Gender=Neut|Number=Sing	αἰσχρός	dep	34
3.2	31	καὶ	CCONJ	C-		καί	cc	30
3.2	32	πονηρὸν	ADJ	A-	Case=Acc|Degree=Pos|Gender=Neut|Number=Sing	πονηρός	conj	30
3.2	33	ἂν	ADV	Df		ἄν	advmod	34
3.2	34	ἐξείποιεν	VERB	V-	Aspect=Perf|Mood=Opt|Number=Plur|Person=3|Tense=Past|VerbForm=Fin|Voice=Act	ἐξείπω	ROOT	34
3.2	35	·	PUNCT	Z		·	punct	34
3.2	36	〈	CCONJ	C-		〈	cc	40
3.2	37	πῶς	ADV	Du	PronType=Int	πῶς	advmod	40
3.2	38	δέ	ADV	Df		δέ	discourse	37
3.2	39	τὼς	DET	S-	Case=Acc|Definite=Def|Gender=Masc|Number=Plur|PronType=Dem	τώς	det	40
3.2	40	πολεμίως	ADJ	A-	Case=Acc|Degree=Pos|Gender=Masc|Number=Plur	πολέμιος	ROOT	40
3.2	41	,	PUNCT	Z		,	punct	40
3.2	42	〉	CCONJ	C-		〉	ROOT	42
3.2	43	τὼς	DET	S-	Case=Acc|Definite=Def|Gender=Masc|Number=Plur|PronType=Dem	τώς	det	45
3.2	44	δὲ	ADV	Df		δέ	discourse	45
3.2	45	φιλτάτως	ADJ	A-	Case=Acc|Degree=Sup|Gender=Masc|Number=Plur	φιλτάτως	orphan	46
3.2	46	οὔ	ADV	Df	Polarity=Neg	οὐ	advmod	42
3.2	47	;	PUNCT	Z		;	ROOT	47
3.2	48	αὐτίκα	ADV	Df		αὐτίκα	ROOT	48
3.2	49	τὼς	DET	S-	Case=Acc|Definite=Def|Gender=Masc|Number=Plur|PronType=Dem	τώς	det	50
3.2	50	γονέας	NOUN	Nb	Case=Acc|Gender=Masc|Number=Plur	γονέη	obj	48
3.2	51	·	PUNCT	Z		·	punct	48
3.2	52	αἰ	SCONJ	G-		εἰ	mark	54
3.2	53	γὰρ	ADV	Df		γάρ	discourse	54
3.2	54	δέοι	VERB	V-	Mood=Opt|Number=Sing|Person=3|Tense=Pres|VerbForm=Fin|Voice=Act	δεῖ	ROOT	54
3.2	55	τὸν	DET	S-	Case=Acc|Definite=Def|Gender=Masc|Number=Sing|PronType=Dem	ὁ	det	56
3.2	56	πατέρα	NOUN	Nb	Case=Acc|Gender=Masc|Number=Sing	πατήρ	nsubj	54
3.2	57	ἢ	CCONJ	C-		ἤ	cc	56
3.2	58	τὰν	DET	S-	Case=Acc|Definite=Def|Gender=Fem|Number=Sing|PronType=Dem	ὅς	det	59
3.2	59	ματέρα	NOUN	Nb	Case=Acc|Gender=Fem|Number=Sing	μήτηρ	conj	56
3.2	60	φάρμακον	NOUN	Nb	Case=Acc|Gender=Neut|Number=Sing	φάρμακον	obj	61
3.2	61	πιὲν	VERB	V-	Aspect=Perf|Tense=Past|VerbForm=Inf|Voice=Act	πιὲν	advcl	54
3.2	62	ἢ	CCONJ	C-		ἤ	cc	61
3.2	63	φαγέν	VERB	V-	Aspect=Perf|Tense=Past|VerbForm=Inf|Voice=Act	φαγέν	conj	61
3.2	64	,	PUNCT	Z		,	dep	54
3.2	65	καὶ	CCONJ	C-		καί	cc	67
3.2	66	μὴ	ADV	Df	Polarity=Neg	μή	advmod	67
3.2	67	θέλοι	VERB	V-	Mood=Opt|Number=Sing|Person=3|Tense=Pres|VerbForm=Fin|Voice=Act	ἐθέλω	conj	54
3.2	68	,	PUNCT	Z		,	punct	54
3.2	69	οὐ	ADV	Df	Polarity=Neg	οὐ	advmod	70
3.2	70	δίκαιόν	ADJ	A-	Case=Nom|Degree=Pos|Gender=Neut|Number=Sing	δίκαιος	ROOT	70
3.2	71	ἐστι	AUX	V-	Mood=Ind|Number=Sing|Person=3|Tense=Pres|VerbForm=Fin|Voice=Act	εἰμί	cop	70
3.2	72	καὶ	CCONJ	C-		καί	cc	75
3.2	73	ἐν	ADP	R-		ἐν	case	75
3.2	74	τῶι	DET	S-	Case=Dat|Definite=Def|Gender=Masc,Neut|Number=Sing|PronType=Dem	τῷ	det	75
3.2	75	ῥοφήματι	NOUN	Nb	Case=Dat|Gender=Neut|Number=Sing	ῥοφήματι	obl	80
3.2	76	καὶ	CCONJ	C-		καί	cc	75
3.2	77	ἐν	ADP	R-		ἐν	case	79
3.2	78	τῶι	DET	S-	Case=Dat|Definite=Def|Gender=Masc,Neut|Number=Sing|PronType=Dem	τῷ	det	79
3.2	79	ποτῶι	NOUN	Nb	Case=Dat|Gender=Masc|Number=Sing	ποτῶι	conj	75
3.2	80	δόμεν	VERB	V-	Aspect=Perf|Tense=Past|VerbForm=Inf|Voice=Act	δίδωμι	ccomp	70
3.2	81	καὶ	CCONJ	C-		καί	cc	70
3.2	82	μὴ	ADV	Df	Polarity=Neg	μή	advmod	83
3.2	83	φάμεν	VERB	V-	Mood=Ind|Number=Plur|Person=1|Tense=Pres|VerbForm=Fin|Voice=Act	φημί	conj	70
3.2	84	ἐνῆμεν	VERB	V-	Aspect=Perf|Tense=Past|VerbForm=Inf|Voice=Act	ἐνῆμεν	ccomp	83
3.2	85	;	PUNCT	Z	PronType=Int	;	vocative	70
3.3	0	(	PUNCT	R-		(	dep	1
3.3	1	(	PUNCT	Pp		(	nsubj	7
3.3	2	3	ADV	Df		3	dep	1
3.3	3	)	ADV	Z		)	advmod	7
3.3	4	)	ADV	Z		)	dep	7
3.3	5	οὐκῶν	ADV	Df		οὐκοῦν	advmod	7
3.3	6	〈	ADV	Df		〈	discourse	7
3.3	7	δίκαιον	ADJ	A-	Case=Nom|Degree=Pos|Gender=Neut|Number=Sing	δίκαιος	ROOT	7
3.3	8	〉	ADV	Df		〉	discourse	7
3.3	9	ἤδη	ADV	Df		ἤδη	advmod	10
3.3	10	ψεύδεσθαι	VERB	V-	Tense=Pres|VerbForm=Inf|Voice=Mid	ψεύδω	ccomp	7
3.3	11	καὶ	CCONJ	C-		καί	cc	10
3.3	12	ἐξαπατᾶν	VERB	V-	Tense=Pres|VerbForm=Inf|Voice=Act	ἐξαπατάω	conj	10
3.3	13	τὼς	DET	S-	Case=Acc|Definite=Def|Gender=Masc|Number=Plur|PronType=Dem	τώς	det	14
3.3	14	γονέας	NOUN	Nb	Case=Acc|Gender=Masc|Number=Plur	γονέη	obj	12
3.3	15	.	PUNCT	Z		.	punct	7
3.3	16	καὶ	CCONJ	C-		καί	cc	17
3.3	17	κλέπτεν	VERB	V-	Tense=Pres|VerbForm=Inf|Voice=Act	κλέπτενς	ROOT	17
3.3	18	μὰν	ADV	Df		μήν	discourse	17
3.3	19	τὰ	DET	S-	Case=Acc|Definite=Def|Gender=Neut|Number=Plur|PronType=Dem	ὁ	det	21
3.3	20	τῶν	DET	S-	Case=Gen|Definite=Def|Gender=Masc|Number=Plur|PronType=Dem	ὁ	det	21
3.3	21	φίλων	ADJ	A-	Case=Gen|Degree=Pos|Gender=Masc|Number=Plur	φίλος	obj	17
3.3	22	καὶ	CCONJ	C-		καί	cc	17
3.3	23	βιῆσθαι	VERB	V-	Tense=Pres|VerbForm=Inf|Voice=Mid	βιῆσθαι	ccomp	26
3.3	24	τὼς	DET	S-	Case=Acc|Definite=Def|Gender=Masc|Number=Plur|PronType=Dem	τώς	det	25
3.3	25	φιλτάτως	ADJ	A-	Case=Acc|Degree=Sup|Gender=Masc|Number=Plur	φιλτάτως	advmod	23
3.3	26	δίκαιον	ADJ	A-	Case=Nom|Degree=Pos|Gender=Neut|Number=Sing	δίκαιος	conj	17
3.3	27	.	PUNCT	Z		.	punct	17
3.4	0	(	PUNCT	Pp		(	ROOT	0
3.4	1	(	PUNCT	Pk	Case=Nom|Gender=Masc|Number=Sing|PronType=Rel	(	ROOT	1
3.4	2	4	ADV	Df		4	discourse	1
3.4	3	)	ADV	Z		)	discourse	2
3.4	4	)	ADV	Z		)	discourse	2
3.4	5	αὐτίκα	ADV	Df		αὐτίκα	advmod	2
3.4	6	αἴ	SCONJ	G-		εἰ	mark	14
3.4	7	τις	ADJ	Px	Case=Nom|Gender=Masc|Number=Sing	τίς	nsubj	14
3.4	8	λυπηθείς	VERB	V-	Aspect=Perf|Case=Nom|Gender=Masc|Number=Sing|Tense=Past|VerbForm=Part|Voice=Pass	λυπέω	advcl	14
3.4	9	τι	ADJ	Px	Case=Acc|Gender=Neut|Number=Sing	τίς	obj	8
3.4	10	τῶν	DET	S-	Case=Gen|Definite=Def|Number=Plur|PronType=Dem	ὁ	det	11
3.4	11	οἰκηΐων	ADJ	A-	Case=Gen|Degree=Pos|Gender=Masc|Number=Plur	οἰκηΐων	nmod	9
3.4	12	καὶ	CCONJ	C-		καί	cc	8
3.4	13	ἀχθεσθεὶς	VERB	V-	Aspect=Perf|Case=Nom|Gender=Masc|Number=Sing|Tense=Past|VerbForm=Part|Voice=Pass	ἄχθομαι	conj	8
3.4	14	μέλλοι	VERB	V-	Mood=Opt|Number=Sing|Person=3|Tense=Pres|VerbForm=Fin|Voice=Act	μέλλω	advcl	5
3.4	15	αὐτὸν	PRON	Pp	Case=Acc|Gender=Masc|Number=Sing|Person=3|PronType=Prs	αὐτός	obj	16
3.4	16	διαφθείρεν	VERB	V-	Mood=Opt|Number=Sing|Person=3|Tense=Pres|VerbForm=Fin|Voice=Act	διαφθείρεν	xcomp	14
3.4	17	ἢ	CCONJ	C-		ἤ	cc	18
3.4	18	ξίφει	NOUN	Nb	Case=Dat|Gender=Neut|Number=Sing	ξίφος	obl	16
3.4	19	ἢ	CCONJ	C-		ἤ	cc	18
3.4	20	σχοινίωι	NOUN	Nb	Case=Dat|Gender=Neut|Number=Sing	σχοινίωι	conj	18
3.4	21	ἢ	CCONJ	C-		ἤ	cc	18
3.4	22	ἄλλωι	ADJ	Px	Case=Dat|Gender=Masc,Neut|Number=Sing	ἄλλωι	conj	18
3.4	23	τινί	DET	Px	Case=Dat|Gender=Masc|Number=Sing	τις	det	22
3.4	24	,	PUNCT	Z		,	ccomp	25
3.4	25	δίκαιόν	ADJ	A-	Case=Nom|Degree=Pos|Gender=Neut|Number=Sing	δίκαιος	ROOT	25
3.4	26	ἐστι	AUX	V-	Mood=Ind|Number=Sing|Person=3|Tense=Pres|VerbForm=Fin|Voice=Act	εἰμί	cop	25
3.4	27	ταῦτα	ADJ	Pd	Case=Acc|Gender=Neut|Number=Plur	οὗτος	obj	28
3.4	28	κλέψαι	VERB	V-	Aspect=Perf|Tense=Past|VerbForm=Inf|Voice=Act	κλέπτω	ccomp	25
3.4	29	,	PUNCT	Z		,	dep	25
3.4	30	αἰ	SCONJ	G-		εἰ	mark	31
3.4	31	δύναιτο	VERB	V-	Mood=Opt|Number=Sing|Person=3|Tense=Pres|VerbForm=Fin|Voice=Mid	δύναμαι	advcl	29
3.4	32	,	PUNCT	Z		,	punct	25
3.4	33	αἰ	PRON	Pp	Case=Nom|Gender=Fem|Number=Plur|Person=3|PronType=Prs	εἰ	nsubj	35
3.4	34	δὲ	ADV	Df		δέ	discourse	35
3.4	35	ὑστερίξαι	VERB	V-	Aspect=Perf|Tense=Past|VerbForm=Inf|Voice=Act	ὑστερίχω	ROOT	35
3.4	36	καὶ	CCONJ	C-		καί	cc	35
3.4	37	ἔχοντα	VERB	V-	Case=Acc|Gender=Masc|Number=Sing|Tense=Pres|VerbForm=Part|Voice=Act	ἔχω	advcl	38
3.4	38	καταλάβοι	VERB	V-	Aspect=Perf|Mood=Opt|Number=Sing|Person=3|Tense=Past|VerbForm=Fin|Voice=Act	καταλαμβάνω	conj	35
3.4	39	,	PUNCT	Z		,	parataxis	35
3.4	40	ἀφελέσθαι	VERB	V-	Aspect=Perf|Tense=Past|VerbForm=Inf|Voice=Mid	ἀφαιρέω	conj	35
3.4	41	βίαι	NOUN	Nb	Case=Dat|Gender=Fem|Number=Sing	βία	obl	40
3.4	42	;	PUNCT	Z	PronType=Int	;	ROOT	42
3.5	0	(	PUNCT	Df		(	dep	1
3.5	1	(	PUNCT	Pp		(	ROOT	1
3.5	2	5	ADV	Df		5	discourse	9
3.5	3	)	ADV	Z		)	discourse	2
3.5	4	)	ADV	Z		)	cc	9
3.5	5	ἀνδραποδίξασθαι	VERB	V-	Aspect=Perf|Tense=Past|VerbForm=Inf|Voice=Mid	ἀνδραποδίξασθαι	ccomp	9
3.5	6	δὲ	ADV	Df		δέ	discourse	5
3.5	7	πῶς	ADV	Du	PronType=Int	πῶς	advmod	9
3.5	8	οὐ	ADV	Df	Polarity=Neg	οὐ	advmod	9
3.5	9	δίκαιον	ADJ	A-	Case=Nom|Degree=Pos|Gender=Neut|Number=Sing	δίκαιος	ROOT	9
3.5	10	τὼς	ADV	Df		τώς	advmod	11
3.5	11	πολεμίως	ADV	Df	Degree=Pos	πολέμιος	advmod	9
3.5	12	〈	ADV	V-		〈	dep	9
3.5	13	καὶ	CCONJ	C-		καί	cc	9
3.5	14	〉	ADV	Df		〉	conj	9
3.5	15	αἴ	SCONJ	G-		εἰ	mark	17
3.5	16	τις	ADJ	Px	Case=Nom|Gender=Masc|Number=Sing	τίς	nsubj	17
3.5	17	δύναιτο	VERB	V-	Mood=Opt|Number=Sing|Person=3|Tense=Pres|VerbForm=Fin|Voice=Mid	δύναμαι	advcl	14
3.5	18	ἑλὼν	VERB	V-	Aspect=Perf|Case=Nom|Gender=Masc|Number=Sing|Tense=Past|VerbForm=Part|Voice=Act	αἱρέω	advcl	17
3.5	19	πόλιν	NOUN	Nb	Case=Acc|Gender=Fem|Number=Sing	πόλις	obj	21
3.5	20	ὅλαν	ADJ	A-	Case=Acc|Degree=Pos|Gender=Fem|Number=Sing	ὅλα	amod	19
3.5	21	ἀποδόσθαι	VERB	V-	Aspect=Perf|Tense=Past|VerbForm=Inf|Voice=Mid	ἀποδίδωμι	xcomp	17
3.5	22	;	PUNCT	Z		;	punct	9
3.5	23	τοιχωρυχὲν	NOUN	Nb	Case=Nom|Gender=Masc|Number=Sing	τοιχωρυχὲς	xcomp	31
3.5	24	δὲ	ADV	Df		δέ	discourse	31
3.5	25	τὰ	DET	S-	Case=Acc|Definite=Def|Gender=Neut|Number=Plur|PronType=Dem	ὁ	det	29
3.5	26	τῶν	DET	S-	Case=Gen|Definite=Def|Gender=Masc|Number=Plur|PronType=Dem	ὁ	det	27
3.5	27	πολιτῶν	NOUN	Nb	Case=Gen|Gender=Masc|Number=Plur	πολίτης	nmod	29
3.5	28	κοινὰ	ADJ	A-	Case=Acc|Degree=Pos|Gender=Neut|Number=Plur	κοινός	amod	29
3.5	29	οἰκήματα	NOUN	Nb	Case=Acc|Gender=Neut|Number=Plur	οἴκημα	obj	31
3.5	30	δίκαιον	ADJ	A-	Case=Nom|Degree=Pos|Gender=Neut|Number=Sing	δίκαιος	xcomp	31
3.5	31	φαίνεται	VERB	V-	Mood=Ind|Number=Sing|Person=3|Tense=Pres|VerbForm=Fin|Voice=Mid	φαίνω	ROOT	31
3.5	32	.	PUNCT	Z		.	punct	31
3.5	33	αἰ	SCONJ	G-		εἰ	dep	39
3.5	34	γὰρ	ADV	Df		γάρ	discourse	39
3.5	35	ὁ	DET	S-	Case=Nom|Definite=Def|Gender=Masc|Number=Sing|PronType=Dem	ὁ	det	36
3.5	36	πατὴρ	NOUN	Nb	Case=Nom|Gender=Masc|Number=Sing	πατήρ	nsubj	39
3.5	37	ἐπὶ	ADP	R-		ἐπί	case	38
3.5	38	θανάτωι	NOUN	Nb	Case=Dat|Gender=Masc|Number=Sing	θανάτωι	nmod	36
3.5	39	,	PUNCT	Z		,	obl:agent	40
3.5	40	κατεστασιασμένος	VERB	V-	Aspect=Perf|Case=Nom|Gender=Masc|Number=Sing|Tense=Past|VerbForm=Part|Voice=Pass	κατεστασιασμένος	ROOT	40
3.5	41	ὑπὸ	ADP	R-		ὑπό	case	43
3.5	42	τῶν	DET	S-	Case=Gen|Definite=Def|Gender=Masc|Number=Plur|PronType=Dem	ὁ	det	43
3.5	43	ἐχθρῶν	ADJ	A-	Case=Gen|Degree=Pos|Gender=Masc|Number=Plur	ἐχθρός	obl:agent	40
3.5	44	,	PUNCT	Z		,	ROOT	44
3.5	45	δεδεμένος	VERB	V-	Aspect=Perf|Case=Nom|Gender=Masc|Number=Sing|Tense=Past|VerbForm=Part|Voice=Pass	δέω	advcl	44
3.5	46	εἴη	AUX	V-	Mood=Opt|Number=Sing|Person=3|Tense=Pres|VerbForm=Fin|Voice=Act	εἰμί	cop	45
3.5	47	,	PUNCT	Z		,	ROOT	47
3.5	48	ἆρα	ADV	Df		ἆρα	discourse	50
3.5	49	οὐ	ADV	Df	Polarity=Neg	οὐ	advmod	50
3.5	50	δίκαιον	ADJ	A-	Case=Nom|Degree=Pos|Gender=Neut|Number=Sing	δίκαιος	ROOT	50
3.5	51	διορύξαντα	VERB	V-	Aspect=Perf|Case=Acc|Gender=Masc|Number=Sing|Tense=Past|VerbForm=Part|Voice=Act	διορύξαις	advcl	52
3.5	52	κλέψαι	VERB	V-	Aspect=Perf|Tense=Past|VerbForm=Inf|Voice=Act	κλέπτω	ccomp	50
3.5	53	καὶ	CCONJ	C-		καί	cc	52
3.5	54	σῶσαι	VERB	V-	Aspect=Perf|Tense=Past|VerbForm=Inf|Voice=Act	σῴζω	conj	52
3.5	55	τὸν	DET	S-	Case=Acc|Definite=Def|Gender=Masc|Number=Sing|PronType=Dem	ὁ	det	56
3.5	56	πατέρα	NOUN	Nb	Case=Acc|Gender=Masc|Number=Sing	πατήρ	obj	54
3.5	57	;	PUNCT	Z		;	punct	50
3.6	0	(	PUNCT	Pp		(	dep	1
3.6	1	(	PUNCT	Pp		(	dep	2
3.6	2	6	ADV	Df		6	ROOT	2
3.6	3	)	ADV	Z		)	discourse	2
3.6	4	)	ADV	Z		)	discourse	2
3.6	5	ἐπιορκὲν	VERB	V-	Aspect=Perf|Mood=Opt|Number=Sing|Person=3|Tense=Past|VerbForm=Fin|Voice=Act	ἐπιορκὲν	conj	2
3.6	6	δέ	ADV	Df		δέ	discourse	5
3.6	7	·	PUNCT	Z		·	punct	2
3.6	8	αἴ	SCONJ	G-		εἰ	mark	14
3.6	9	τις	ADJ	Px	Case=Nom|Gender=Masc|Number=Sing	τίς	nsubj	14
3.6	10	ὑπὸ	ADP	R-		ὑπό	case	12
3.6	11	τῶν	DET	S-	Case=Gen|Definite=Def|Gender=Masc|Number=Plur|PronType=Dem	ὁ	det	12
3.6	12	πολεμίων	ADJ	A-	Case=Gen|Degree=Pos|Gender=Masc|Number=Plur	πολέμιος	obl:agent	13
3.6	13	λαφθεὶς	VERB	V-	Aspect=Perf|Case=Nom|Gender=Masc|Number=Sing|Tense=Past|VerbForm=Part|Voice=Pass	λαφίημθ	advcl	14
3.6	14	ὑποδέξαιτο	VERB	V-	Aspect=Perf|Mood=Opt|Number=Sing|Person=3|Tense=Past|VerbForm=Fin|Voice=Mid	ὑποδείκνυμι	advcl	22
3.6	15	ὀμνύων	VERB	V-	Case=Nom|Gender=Masc|Number=Sing|Tense=Pres|VerbForm=Part|Voice=Act	ὄμνυμι	advcl	14
3.6	16	ἧ	CCONJ	C-		ὁ	cc	14
3.6	17	μὰν	ADV	Df		μήν	discourse	21
3.6	18	ἀφεθεὶς	VERB	V-	Aspect=Perf|Case=Nom|Gender=Masc|Number=Sing|Tense=Past|VerbForm=Part|Voice=Pass	ἀφίημι	advcl	21
3.6	19	τὰν	DET	S-	Case=Acc|Definite=Def|Gender=Fem|Number=Sing|PronType=Dem	ὅς	det	20
3.6	20	πόλιν	NOUN	Nb	Case=Acc|Gender=Fem|Number=Sing	πόλις	obj	21
3.6	21	προδώσεν	VERB	V-	Aspect=Perf|Mood=Sub|Number=Sing|Person=3|Tense=Past|VerbForm=Fin|Voice=Act	προδώσεν	conj	14
3.6	22	,	PUNCT	Z		,	ROOT	22
3.6	23	ἆρα	ADV	Df		ἆρα	discourse	28
3.6	24	οὗτος	ADJ	Pd	Case=Nom|Gender=Masc|Number=Sing	οὗτος	nsubj	28
3.6	25	δίκαιά	ADJ	A-	Case=Acc|Degree=Pos|Gender=Neut|Number=Plur	δίκαιός	obj	26
3.6	26	〈	ADV	V-		〈	xcomp	28
3.6	27	κα	ADV	Df		κα	dep	26
3.6	28	〉	ADV	Df		〉	dep	22
3.6	29	ποιήσαι	VERB	V-	Aspect=Perf|Tense=Past|VerbForm=Inf|Voice=Act	ποιέω	ccomp	28
3.6	30	εὐορκήσας	VERB	V-	Aspect=Perf|Case=Nom|Gender=Masc|Number=Sing|Tense=Past|VerbForm=Part|Voice=Act	εὐορκάω	advcl	29
3.6	31	;	PUNCT	Z		;	punct	28
3.7	0	(	PUNCT	Df		(	ROOT	0
3.7	1	(	PUNCT	Pp		(	xcomp	11
3.7	2	7	ADV	Df		7	discourse	1
3.7	3	)	ADV	Z		)	dep	1
3.7	4	)	CCONJ	Z		)	discourse	1
3.7	5	ἐγὼ	PRON	Pp	Case=Nom|Gender=Masc|Number=Sing|Person=1|PronType=Prs	ἐγώ	nsubj	11
3.7	6	μὲν	ADV	Df		μέν	discourse	11
3.7	7	[	PUNCT	Df		[	xcomp	11
3.7	8	γὰρ	ADV	Df		γάρ	discourse	11
3.7	9	]	ADV	Z		]	xcomp	11
3.7	10	οὐ	ADV	Df	Polarity=Neg	οὐ	advmod	11
3.7	11	δοκῶ	VERB	V-	Mood=Ind|Number=Sing|Person=1|Tense=Pres|VerbForm=Fin|Voice=Act	δοκέω	ROOT	11
3.7	12	·	PUNCT	Z		·	punct	11
3.7	13	ἀλλὰ	CCONJ	C-		ἀλλά	cc	23
3.7	14	μᾶλλον	ADV	Df	Degree=Cmp	μᾶλλον	advmod	23
3.7	15	τὰν	DET	S-	Case=Acc|Definite=Def|Gender=Fem|Number=Sing|PronType=Dem	ὁ	det	16
3.7	16	πόλιν	NOUN	Nb	Case=Acc|Gender=Fem|Number=Sing	πόλις	obj	23
3.7	17	καὶ	CCONJ	C-		καί	cc	16
3.7	18	τὼς	DET	S-	Case=Acc|Definite=Def|Gender=Masc|Number=Plur|PronType=Dem	τώς	det	19
3.7	19	φίλως	ADV	Df	Degree=Pos	φίλος	conj	16
3.7	20	καὶ	CCONJ	C-		καί	cc	16
3.7	21	τὰ	DET	S-	Case=Acc|Definite=Def|Gender=Neut|Number=Plur|PronType=Dem	ὁ	det	22
3.7	22	ἱερὰ	ADJ	A-	Case=Acc|Degree=Pos|Gender=Neut|Number=Plur	ἱερός	dep	16
3.7	23	σώσαι	VERB	V-	Aspect=Perf|Tense=Past|VerbForm=Inf|Voice=Act	σῴζω	ROOT	23
3.7	24	〈	ADV	Df		〈	cc	23
3.7	25	κα	ADV	Df		κα	advmod	24
3.7	26	τὰ	DET	S-	Case=Acc|Definite=Def|Gender=Neut|Number=Plur|PronType=Dem	ὁ	det	28
3.7	27	〉	ADJ	Df	Case=Acc|Degree=Pos|Gender=Neut|Number=Plur	〉	amod	28
3.7	28	πατρώϊα	ADJ	A-	Case=Acc|Degree=Pos|Gender=Neut|Number=Plur	πατρῷος	obj	24
3.7	29	ἐπιορκήσας	VERB	V-	Aspect=Perf|Case=Nom|Gender=Masc|Number=Sing|Tense=Past|VerbForm=Part|Voice=Act	ἐπιορκάω	advcl	24
3.7	30	.	PUNCT	Z		.	punct	23
3.7	31	ἤδη	ADV	Df		ἤδη	advmod	33
3.7	32	ἄρα	ADV	Df		ἆρα	discourse	33
3.7	33	δίκαιον	ADJ	A-	Case=Nom|Degree=Pos|Gender=Neut|Number=Sing	δίκαιος	ROOT	33
3.7	34	καὶ	ADV	Df		καί	advmod	33
3.7	35	τὸ	DET	S-	Case=Nom|Definite=Def|Gender=Neut|Number=Sing|PronType=Dem	ὁ	det	36
3.7	36	ἐπιορκεῖν	VERB	V-	Tense=Pres|VerbForm=Inf|Voice=Act	ἐπιορκέω	ccomp	33
3.7	37	.	PUNCT	Z		.	punct	33
3.7	38	καὶ	CCONJ	C-		καί	cc	40
3.7	39	τὸ	DET	S-	Case=Acc|Definite=Def|Gender=Neut|Number=Sing|PronType=Dem	ὁ	obj	40
3.7	40	ἱεροσυλέν	VERB	V-	Aspect=Perf|Mood=Ind|Number=Sing|Person=3|Tense=Past|VerbForm=Fin|Voice=Act	ἱεροσυλέν	ROOT	40
3.7	41	·	PUNCT	Z		·	punct	40
3.8	0	(	PUNCT	Df		(	ROOT	0
3.8	1	(	PUNCT	Pp		(	nsubj	9
3.8	2	8)	ADV	Df		8)	discourse	1
3.8	3	)	ADV	Z		)	dislocated	1
3.8	4	τὰ	DET	S-	Case=Nom|Definite=Def|Gender=Neut|Number=Plur|PronType=Dem	ὁ	det	6
3.8	5	μὲν	ADV	Df		μέν	discourse	6
3.8	6	ἴδια	ADJ	A-	Case=Nom|Degree=Pos|Gender=Neut|Number=Plur	ἴδιος	nsubj	9
3.8	7	τῶν	DET	S-	Case=Gen|Definite=Def|Number=Plur|PronType=Dem	ὁ	det	8
3.8	8	πόλεων	NOUN	Nb	Case=Gen|Gender=Fem|Number=Plur	πόλις	nmod	6
3.8	9	ἐῶ	PROPN	Pk	Case=Nom|Gender=Neut|Number=Plur	ἐάω	ROOT	9
3.8	10	·	PUNCT	Z		·	punct	9
3.8	11	τὰ	DET	S-	Case=Nom|Definite=Def|Gender=Neut|Number=Plur|PronType=Dem	ὁ	det	13
3.8	12	δὲ	ADV	Df		δέ	discourse	13
3.8	13	κοινὰ	ADJ	A-	Case=Nom|Degree=Pos|Gender=Neut|Number=Plur	κοινός	nsubj	16
3.8	14	τᾶς	DET	S-	Case=Acc|Definite=Def|Gender=Fem|Number=Plur|PronType=Dem	ὁ	det	15
3.8	15	Ἑλλάδος	PROPN	Ne	Case=Gen|Gender=Fem|Number=Sing	Ἑλλάς	nmod	13
3.8	16	,	PUNCT	Z		,	ROOT	16
3.8	17	τὰ	DET	S-	Case=Nom|Definite=Def|Gender=Neut|Number=Plur|PronType=Dem	ὁ	det	19
3.8	18	ἐκ	ADP	R-		ἐκ	case	19
3.8	19	Δελφῶν	NOUN	Ne	Case=Gen|Gender=Masc|Number=Plur	Δελφοί	nmod	13
3.8	20	καὶ	CCONJ	C-		καί	cc	19
3.8	21	τὰ	DET	S-	Case=Acc|Definite=Def|Gender=Neut|Number=Plur|PronType=Dem	ὁ	det	23
3.8	22	ἐξ	ADP	R-		ἐκ	case	23
3.8	23	Ὀλυμπίας	PROPN	Ne	Case=Gen|Gender=Fem|Number=Sing	Ὀλυμπία	conj	19
3.8	24	,	PUNCT	Z		,	cop	16
3.8	25	μέλλοντος	VERB	V-	Case=Gen|Gender=Masc|Number=Sing|Tense=Pres|VerbForm=Part|Voice=Act	μέλλω	advcl	24
3.8	26	τῶ	DET	S-	Case=Dat|Definite=Def|Gender=Masc|Number=Sing|PronType=Dem	ὁ	det	27
3.8	27	βαρβάρω	ADJ	A-	Case=Dat|Degree=Pos|Gender=Masc|Number=Sing	βαρβάρω	advmod	30
3.8	28	τὰν	DET	S-	Case=Acc|Definite=Def|Gender=Fem|Number=Sing|PronType=Dem	ὅς	det	29
3.8	29	Ἑλλάδα	PROPN	Ne	Case=Acc|Gender=Fem|Number=Sing	Ἑλλάς	obj	30
3.8	30	λαβεῖν	VERB	V-	Aspect=Perf|Tense=Past|VerbForm=Inf|Voice=Act	λαμβάνω	xcomp	25
3.8	31	καὶ	CCONJ	C-		καί	cc	30
3.8	32	τᾶς	DET	S-	Case=Acc|Definite=Def|Gender=Fem|Number=Plur|PronType=Dem	ὁ	det	33
3.8	33	σωτηρίας	NOUN	Nb	Case=Gen|Gender=Fem|Number=Sing	σωτηρία	conj	29
3.8	34	ἐν	ADP	R-		ἐν	case	35
3.8	35	χρήμασιν	NOUN	Nb	Case=Dat|Gender=Neut|Number=Plur	χρῆμα	orphan	33
3.8	36	ἐούσας	AUX	V-	Case=Acc|Gender=Fem|Number=Plur|Tense=Pres|VerbForm=Part|Voice=Act	εἰμί	cop	35
3.8	37	,	PUNCT	Z		,	iobj	40
3.8	38	οὐ	ADV	Df	Polarity=Neg	οὐ	advmod	39
3.8	39	δίκαιον	ADJ	A-	Case=Nom|Degree=Pos|Gender=Neut|Number=Sing	δίκαιος	ROOT	39
3.8	40	λαβὲν	VERB	V-	Aspect=Perf|Tense=Past|VerbForm=Inf|Voice=Act	λαβὲν	ccomp	39
3.8	41	καὶ	CCONJ	C-		καί	cc	40
3.8	42	χρῆσθαι	VERB	V-	Tense=Pres|VerbForm=Inf|Voice=Mid	χράω	conj	40
3.8	43	ἐς	ADP	R-		εἰς	case	45
3.8	44	τὸν	DET	S-	Case=Acc|Definite=Def|Gender=Masc|Number=Sing|PronType=Dem	ὁ	det	45
3.8	45	πόλεμον	NOUN	Nb	Case=Acc|Gender=Masc|Number=Sing	πόλεμος	obl	42
3.8	46	;	PUNCT	Z		;	cc	39
3.9	0	(	PUNCT	Df		(	dep	1
3.9	1	(	PUNCT	Pp		(	cc	9
3.9	2	9	ADV	Df		9	dep	1
3.9	3	)	ADV	Z		)	dep	1
3.9	4	)	ADV	Z		)	discourse	9
3.9	5	φονεύεν	VERB	V-	Tense=Pres|VerbForm=Inf|Voice=Act	φονεύεν	ccomp	9
3.9	6	δὲ	ADV	Df		δέ	discourse	5
3.9	7	τὼς	DET	S-	Case=Acc|Definite=Def|Gender=Masc|Number=Plur|PronType=Dem	τώς	det	8
3.9	8	φιλτάτως	ADJ	A-	Case=Acc|Degree=Sup|Gender=Masc|Number=Plur	φιλτάτως	advmod	9
3.9	9	δίκαιον	ADJ	A-	Case=Nom|Degree=Pos|Gender=Neut|Number=Sing	δίκαιος	ROOT	9
3.9	10	·	PUNCT	Z		·	punct	9
3.9	11	ἐπεὶ	ADV	Df		ἐπεί	ROOT	11
3.9	12	καὶ	ADV	Df		καί	advmod	13
3.9	13	Ὀρέστας	PROPN	Ne	Case=Nom|Gender=Masc|Number=Sing	Ὀρέστης	nsubj	11
3.9	14	καὶ	CCONJ	C-		καί	cc	13
3.9	15	Ἀλκμαίων	PROPN	Ne	Case=Nom|Gender=Masc|Number=Plur	Ἀλκμαίων	conj	13
3.9	16	·	PUNCT	Z		·	punct	11
3.9	17	καὶ	CCONJ	C-		καί	cc	20
3.9	18	ὁ	DET	S-	Case=Nom|Definite=Def|Gender=Masc|Number=Sing|PronType=Dem	ὁ	det	19
3.9	19	θεὸς	NOUN	Nb	Case=Nom|Gender=Masc|Number=Sing	θεός	nsubj	20
3.9	20	ἔχρησε	VERB	V-	Aspect=Perf|Mood=Ind|Number=Sing|Person=3|Tense=Past|VerbForm=Fin|Voice=Act	χράω	ROOT	20
3.9	21	δίκαια	ADJ	A-	Case=Acc|Degree=Pos|Gender=Neut|Number=Plur	δίκαιος	obj	23
3.9	22	αὐτὼς	ADV	Df		αὐτός	advmod	23
3.9	23	ποιῆσαι	VERB	V-	Aspect=Perf|Tense=Past|VerbForm=Inf|Voice=Act	ποιέω	xcomp	20
3.9	24	.	PUNCT	Z		.	punct	20
3.10	0	(	PUNCT	Pp		(	ROOT	0
3.10	1	(	PUNCT	Pp		(	ROOT	1
3.10	2	10	ADV	Df		10	ROOT	2
3.10	3	)	ADV	Z		)	discourse	2
3.10	4	)	ADV	Z		)	discourse	2
3.10	5	ἐπὶ	ADP	R-		ἐπί	case	8
3.10	6	δὲ	ADV	Df		δέ	discourse	9
3.10	7	τὰς	DET	S-	Case=Acc|Definite=Def|Gender=Fem|Number=Plur|PronType=Dem	ὁ	det	8
3.10	8	τέχνας	NOUN	Nb	Case=Acc|Gender=Fem|Number=Plur	τέχνη	obl	9
3.10	9	τρέψομαι	VERB	V-	Mood=Ind|Number=Sing|Person=1|Tense=Fut|VerbForm=Fin|Voice=Mid	τρέπω	conj	2
3.10	10	καὶ	ADV	Df		καί	advmod	13
3.10	11	τὰ	DET	S-	Case=Acc|Definite=Def|Gender=Neut|Number=Plur|PronType=Dem	ὁ	det	13
3.10	12	τῶν	DET	S-	Case=Gen|Definite=Def|Gender=Masc|Number=Plur|PronType=Dem	ὁ	det	13
3.10	13	ποιητῶν	NOUN	Nb	Case=Gen|Gender=Masc|Number=Plur	ποιητής	conj	9
3.10	14	.	PUNCT	Z		.	punct	2
3.10	15	ἐν	ADP	R-		ἐν	case	17
3.10	16	γὰρ	ADV	Df		γάρ	discourse	25
3.10	17	τραγωιδοποιίαι	NOUN	Nb	Case=Dat|Gender=Fem|Number=Plur	τραγωιδοποιία	obl	25
3.10	18	καὶ	CCONJ	C-		καί	cc	17
3.10	19	ζωγραφίαι	NOUN	Nb	Case=Dat|Gender=Fem|Number=Sing	ζωγραφία	conj	17
3.10	20	ὅστις	PRON	Pr	Case=Nom|Gender=Masc|Number=Sing|PronType=Rel	ὅστις	nsubj	25
3.10	21	〈	ADV	Df		〈	discourse	25
3.10	22	κα	ADV	Df		κα	advmod	25
3.10	23	〉	DET	S-	Case=Acc|Definite=Def|Gender=Neut|Number=Plur|PronType=Dem	〉	det	24
3.10	24	πλεῖστα	ADJ	A-	Case=Acc|Degree=Sup|Gender=Neut|Number=Plur	πολύς	advmod	25
3.10	25	ἐξαπατῆι	VERB	V-	Mood=Sub|Number=Sing|Person=3|Tense=Pres|VerbForm=Fin|Voice=Act	ἐξαπατῆι	advcl	30
3.10	26	ὅμοια	ADJ	A-	Case=Acc|Degree=Pos|Gender=Neut|Number=Plur	ὅμοιος	obj	29
3.10	27	τοῖς	DET	S-	Case=Dat|Definite=Def|Gender=Neut|Number=Plur|PronType=Dem	ὁ	det	28
3.10	28	ἀληθινοῖς	ADJ	A-	Case=Dat|Degree=Pos|Gender=Neut|Number=Plur	ἀληθινός	iobj	26
3.10	29	ποιέων	VERB	V-	Case=Nom|Gender=Masc|Number=Sing|Tense=Pres|VerbForm=Part|Voice=Act	ποιέω	advcl	25
3.10	30	,	PUNCT	Z		,	ROOT	30
3.10	31	οὗτος	ADJ	Pd	Case=Nom|Gender=Masc|Number=Sing	οὗτος	nsubj	32
3.10	32	ἄριστος	ADJ	A-	Case=Nom|Degree=Sup|Gender=Masc|Number=Sing	ἀγαθός	ROOT	32
3.10	33	.	PUNCT	Z		.	punct	32
3.11	0	(	PUNCT	Df		(	ROOT	0
3.11	1	(	PUNCT	Df		(	ROOT	1
3.11	2	11	ADV	Df		11	dep	5
3.11	3	)	ADV	Z		)	discourse	2
3.11	4	)	SCONJ	Z		)	dislocated	2
3.11	5	θέλω	VERB	V-	Mood=Ind|Number=Sing|Person=1|Tense=Pres|VerbForm=Fin|Voice=Act	ἐθέλω	ROOT	5
3.11	6	δὲ	ADV	Df		δέ	discourse	5
3.11	7	καὶ	ADV	Df		καί	advmod	11
3.11	8	ποιημάτων	NOUN	Nb	Case=Gen|Gender=Neut|Number=Plur	ποίημα	nmod	10
3.11	9	παλαιοτέρων	ADJ	A-	Case=Gen|Degree=Cmp|Gender=Neut|Number=Plur	παλαιός	amod	8
3.11	10	μαρτύριον	NOUN	Nb	Case=Acc|Gender=Neut|Number=Sing	μαρτύριον	obj	11
3.11	11	ἐπαγαγέσθαι	VERB	V-	Aspect=Perf|Tense=Past|VerbForm=Inf|Voice=Mid	ἐπάγω	xcomp	5
3.11	12	.	PUNCT	Z		.	punct	5
3.11	13	Κλεοβουλίνης	PROPN	Ne	Case=Gen|Gender=Fem|Number=Sing	Κλεοβουλίνης	iobj	14
3.11	14	[	PUNCT	V-		[	ROOT	14
3.11	15	fr.	PUNCT	Z		fr.	punct	14
3.11	16	(	PUNCT	Df		(	ROOT	16
3.11	17	2	ADV	Ne		2	ROOT	17
3.11	18	)	SCONJ	Z		)	discourse	17
3.11	19	p.	PUNCT	Z		p.	punct	17
3.11	20	(	PUNCT	Pp		(	ROOT	20
3.11	21	47	ADV	Nb		47ς	ROOT	21
3.11	22	)	SCONJ	Z		)	discourse	21
3.11	23	Crus.	PUNCT	Z		Crus.	punct	21
3.11	24	]	ADV	Z		]	det	25
3.11	25	ἄνδρ	NOUN	Nb	Case=Acc|Gender=Masc|Number=Sing	ἄνδρ	obj	27
3.11	26	’	ADV	Nb		’	xcomp	27
3.11	27	εἶδον	VERB	V-	Aspect=Perf|Mood=Ind|Number=Sing|Person=1|Tense=Past|VerbForm=Fin|Voice=Act	ὁράω	ROOT	27
3.11	28	κλέπτοντα	VERB	V-	Case=Acc|Gender=Masc|Number=Sing|Tense=Pres|VerbForm=Part|Voice=Act	κλέπτω	xcomp	27
3.11	29	καὶ	CCONJ	C-		καί	cc	28
3.11	30	ἐξαπατῶντα	VERB	V-	Case=Acc|Gender=Masc|Number=Sing|Tense=Pres|VerbForm=Part|Voice=Act	ἐξαπατῶντα	conj	28
3.11	31	βιαίως	ADV	Df	Degree=Pos	βίαιος	advmod	30
3.11	32	,	PUNCT	Z		,	appos	25
3.11	33	καὶ	CCONJ	C-		καί	cc	38
3.11	34	τὸ	DET	S-	Case=Acc|Definite=Def|Gender=Neut|Number=Sing|PronType=Dem	ὁ	det	36
3.11	35	βίαι	ADJ	Df	Case=Dat|Degree=Pos|Gender=Neut|Number=Sing	βία	advmod	36
3.11	36	ῥέξαι	VERB	V-	Aspect=Perf|Tense=Past|VerbForm=Inf|Voice=Act	ῥέζω	nsubj	38
3.11	37	τοῦτο	ADJ	Pd	Case=Acc|Gender=Neut|Number=Sing	οὗτος	obj	36
3.11	38	δικαιότατον	ADJ	A-	Case=Acc|Degree=Sup|Gender=Neut|Number=Sing	δίκαιος	ROOT	38
3.11	39	.	PUNCT	Z		.	punct	38
3.12	0	(	PUNCT	Df		(	dep	1
3.12	1	(	PUNCT	Pp		(	ROOT	1
3.12	2	12	ADV	Df		12	ROOT	2
3.12	3	)	ADV	Z		)	discourse	2
3.12	4	)	ADV	Z		)	discourse	2
3.12	5	ἐν	ADP	R-		ἐν	case	7
3.12	6	πάλαι	ADV	Df		πάλαι	advmod	5
3.12	7	ταῦτα	ADJ	Pd	Case=Nom|Gender=Neut|Number=Plur	οὗτος	nsubj	2
3.12	8	·	PUNCT	Z		·	punct	2
3.12	9	Αἰσχύλου	PROPN	Ne	Case=Gen|Gender=Masc|Number=Sing	Αἰσχύλος	nsubj	12
3.12	10	δὲ	ADV	Df		δέ	discourse	12
3.12	11	ταῦτα	ADJ	Pd	Case=Acc|Gender=Neut|Number=Plur	οὗτος	obj	12
3.12	12	[	PUNCT	V-	Mood=Ind|Number=Plur|Person=1|Tense=Pres|VerbForm=Fin|Voice=Act	[	ROOT	12
3.12	13	fr.	PUNCT	Z		fr.	punct	12
3.12	14	(	PUNCT	Pp		(	ROOT	14
3.12	15	301).	ADV	Df		301).	punct	14
3.12	16	(	PUNCT	C-		(	ROOT	16
3.12	17	302	ADV	Df		302	ROOT	17
3.12	18	)	ADV	Z		)	advmod	17
3.12	19	]	ADV	Z		]	advmod	23
3.12	20	ἀπάτης	NOUN	Nb	Case=Gen|Gender=Fem|Number=Sing	ἀπάτη	iobj	23
3.12	21	δικαίας	ADJ	A-	Case=Gen|Degree=Pos|Gender=Fem|Number=Sing	δίκαιος	amod	20
3.12	22	οὐκ	ADV	Df	Polarity=Neg	οὐ	advmod	23
3.12	23	ἀποστατεῖ	VERB	V-	Mood=Ind|Number=Sing|Person=3|Tense=Pres|VerbForm=Fin|Voice=Act	ἀποστατέω	parataxis	17
3.12	24	θεός	NOUN	Nb	Case=Nom|Gender=Masc|Number=Sing	θεός	nsubj	23
3.12	25	.	PUNCT	Z		.	punct	23
3.12	26	〈	CCONJ	C-		〈	ROOT	26
3.12	27	καί	ADV	Df		καί	ROOT	27
3.12	28	·	PUNCT	Z		·	ROOT	28
3.12	29	〉	ADV	Df		〉	advmod	33
3.12	30	ψευδῶν	ADJ	A-	Case=Gen|Degree=Pos|Gender=Neut|Number=Plur	ψευδέω	dep	33
3.12	31	δὲ	ADV	Df		δέ	discourse	33
3.12	32	καιρὸν	NOUN	Nb	Case=Acc|Gender=Masc|Number=Sing	καιρός	obj	33
3.12	33	ἔσθ	VERB	V-	Mood=Ind|Number=Sing|Person=3|Tense=Pres|VerbForm=Fin|Voice=Act	ἔσθ	ROOT	33
3.12	34	’	CCONJ	C-		’	vocative	33
3.12	35	ὅπου	ADV	Dq	PronType=Rel	ὅπου	advmod	36
3.12	36	τιμᾶι	VERB	V-	Mood=Ind|Number=Sing|Person=3|Tense=Pres|VerbForm=Fin|Voice=Act	τιμᾶι	advcl	33
3.12	37	θεός	NOUN	Nb	Case=Nom|Gender=Masc|Number=Sing	θεός	nsubj	36
3.12	38	.	PUNCT	Z		.	punct	33
3.13	0	(	PUNCT	Df		(	dep	1
3.13	1	(	PUNCT	Pp		(	ROOT	1
3.13	2	13	ADV	Df		13	dep	1
3.13	3	)	ADV	Z		)	dep	1
3.13	4	)	ADV	Z		)	dep	1
3.13	5	λέγεται	VERB	V-	Mood=Ind|Number=Sing|Person=3|Tense=Pres|VerbForm=Fin|Voice=Pass	λέγω	conj	1
3.13	6	δὲ	ADV	Df		δέ	discourse	5
3.13	7	καὶ	CCONJ	C-		καί	cc	5
3.13	8	τῶιδε	ADJ	Pd	Case=Dat|Gender=Masc|Number=Sing	τῶιδε	iobj	9
3.13	9	ἀντίος	ADJ	A-	Case=Nom|Degree=Pos|Gender=Masc|Number=Sing	ἀντίος	amod	10
3.13	10	λόγος	NOUN	Nb	Case=Nom|Gender=Masc|Number=Sing	λόγος	nsubj:pass	5
3.13	11	,	PUNCT	Z		,	nsubj:pass	5
3.13	12	ὡς	ADV	Df		ὡς	advmod	13
3.13	13	ἄλλο	ADJ	Px	Case=Nom|Degree=Pos|Gender=Neut|Number=Sing	ἄλλος	nsubj	15
3.13	14	τὸ	DET	S-	Case=Nom|Definite=Def|Gender=Neut|Number=Sing|PronType=Dem	ὁ	det	15
3.13	15	δίκαιον	ADJ	A-	Case=Nom|Degree=Pos|Gender=Neut|Number=Sing	δίκαιος	appos	24
3.13	16	καὶ	CCONJ	C-		καί	cc	15
3.13	17	τὸ	DET	S-	Case=Nom|Definite=Def|Gender=Neut|Number=Sing|PronType=Dem	ὁ	det	18
3.13	18	ἄδικόν	ADJ	A-	Case=Nom|Degree=Pos|Gender=Neut|Number=Sing	ἄδικος	conj	15
3.13	19	ἐστιν	AUX	V-	Mood=Ind|Number=Sing|Person=3|Tense=Pres|VerbForm=Fin|Voice=Act	εἰμί	cop	15
3.13	20	,	PUNCT	Z		,	parataxis	1
3.13	21	διαφέρον	VERB	V-	Case=Nom|Gender=Neut|Number=Sing|Tense=Pres|VerbForm=Part|Voice=Act	διαφέρω	conj	1
3.13	22	ὥσπερ	ADV	Df		ὥσπερ	advmod	21
3.13	23	καὶ	ADV	Df		καί	advmod	24
3.13	24	τὤνυμα	NOUN	Nb	Case=Gen|Gender=Neut|Number=Plur	τὤνυμος	nsubj	22
3.13	25	;	PUNCT	Z		;	ROOT	25
3.13	26	οὕτω	ADV	Df		οὕτως	ROOT	26
3.13	27	καὶ	ADV	Df		καί	advmod	29
3.13	28	τὸ	DET	S-	Case=Nom|Definite=Def|Gender=Neut|Number=Sing|PronType=Dem	ὁ	det	29
3.13	29	πρᾶγμα	NOUN	Nb	Case=Nom|Gender=Neut|Number=Sing	πρᾶγμα	nsubj	26
3.13	30	·	PUNCT	Z		·	punct	26
3.13	31	ἐπεὶ	ADV	Df		ἐπεί	advmod	34
3.13	32	αἴ	ADV	Df		εἰ	mark	34
3.13	33	τις	ADJ	Px	Case=Nom|Gender=Masc|Number=Sing	τίς	nsubj	34
3.13	34	ἐρωτάσαι	VERB	V-	Aspect=Perf|Mood=Opt|Number=Sing|Person=3|Tense=Past|VerbForm=Fin|Voice=Act	ἐρωτάω	advcl	37
3.13	35	τὼς	DET	S-	Case=Acc|Definite=Def|Gender=Masc|Number=Plur|PronType=Dem	τώς	det	36
3.13	36	λέγοντας	VERB	V-	Case=Acc|Gender=Masc|Number=Plur|Tense=Pres|VerbForm=Part|Voice=Act	λέγω	obj	34
3.13	37	,	PUNCT	Z		,	ROOT	37
3.13	38	ὡς	SCONJ	G-		ὡς	mark	42
3.13	39	τὸ	DET	S-	Case=Nom|Definite=Def|Gender=Neut|Number=Sing|PronType=Dem	ὁ	det	40
3.13	40	αὐτό	ADJ	Pd	Case=Nom|Gender=Neut|Number=Sing	αὐτός	nsubj	42
3.13	41	ἐστιν	AUX	V-	Mood=Ind|Number=Sing|Person=3|Tense=Pres|VerbForm=Fin|Voice=Act	εἰμί	cop	42
3.13	42	ἄδικον	ADJ	A-	Case=Nom|Degree=Pos|Gender=Neut|Number=Sing	ἄδικος	ccomp	37
3.13	43	καὶ	CCONJ	C-		καί	cc	42
3.13	44	δίκαιον	ADJ	A-	Case=Nom|Degree=Pos|Gender=Neut|Number=Sing	δίκαιος	conj	42
3.13	45	,	PUNCT	Z		,	parataxis	37
3.13	46	αἰ	SCONJ	G-		εἰ	mark	53
3.13	47	ἤδη	ADV	Df		ἤδη	advmod	53
3.13	48	τι	PRON	Px	Case=Acc|Gender=Neut|Number=Sing|PronType=Int	τίς	det	49
3.13	49	δίκαιον	ADJ	A-	Case=Nom|Degree=Pos|Gender=Neut|Number=Sing	δίκαιος	nsubj	53
3.13	50	περὶ	ADP	R-		περί	case	52
3.13	51	τὼς	DET	S-	Case=Acc|Definite=Def|Gender=Masc|Number=Plur|PronType=Dem	τώς	det	52
3.13	52	γονέας	NOUN	Nb	Case=Acc|Gender=Masc|Number=Plur	γονεύς	obl	53
3.13	53	ἔπραξαν	VERB	V-	Aspect=Perf|Mood=Ind|Number=Plur|Person=3|Tense=Past|VerbForm=Fin|Voice=Act	πράσσω	advcl	55
3.13	54	,	PUNCT	Z		,	advmod	53
3.13	55	ὁμολογησοῦντι	VERB	V-	Mood=Ind|Number=Plur|Person=3|Tense=Fut|VerbForm=Fin|Voice=Act	ὁμολογησοῦ	ROOT	55
3.13	56	.	PUNCT	Z		.	punct	55
3.13	57	καὶ	CCONJ	C-		καί	cc	58
3.13	58	ἄδικον	ADJ	A-	Case=Nom|Degree=Pos|Gender=Neut|Number=Sing	ἄδικος	ROOT	58
3.13	59	ἄρα	ADV	Df		ἆρα	discourse	58
3.13	60	.	PUNCT	Z		.	punct	58
3.13	61	τὸ	DET	S-	Case=Acc|Definite=Def|Gender=Neut|Number=Sing|PronType=Dem	ὁ	det	63
3.13	62	γὰρ	ADV	Df		γάρ	discourse	67
3.13	63	αὐτὸ	ADJ	Pd	Case=Acc|Gender=Neut|Number=Sing	αὐτός	nsubj	64
3.13	64	ἄδικον	ADJ	A-	Case=Nom|Degree=Pos|Gender=Neut|Number=Sing	ἄδικος	ccomp	67
3.13	65	καὶ	CCONJ	C-		καί	cc	64
3.13	66	δίκαιον	ADJ	A-	Case=Nom|Degree=Pos|Gender=Neut|Number=Sing	δίκαιος	conj	64
3.13	67	ὁμολογέοντι	VERB	V-	Mood=Ind|Number=Plur|Person=3|Tense=Pres|VerbForm=Fin|Voice=Act	ὁμολογέω	ROOT	67
3.13	68	ἦμεν	AUX	V-	Mood=Ind|Number=Plur|Person=1|Tense=Pres|VerbForm=Fin|Voice=Act	εἰμί	cop	67
3.13	69	.	PUNCT	Z		.	punct	67
3.14	0	(	PUNCT	Df		(	advcl	5
3.14	1	(	PUNCT	Pp		(	dep	0
3.14	2	14	ADV	Df		14	discourse	5
3.14	3	)	ADV	Z		)	discourse	2
3.14	4	)	ADV	Z		)	discourse	2
3.14	5	φέρε	VERB	V-	Mood=Imp|Number=Sing|Person=2|Tense=Pres|VerbForm=Fin|Voice=Act	φέρω	ROOT	5
3.14	6	ἄλλο	ADJ	Px	Case=Acc|Gender=Neut|Number=Sing	ἄλλος	obj	5
3.14	7	δή	ADV	Df		δή	discourse	6
3.14	8	·	PUNCT	Z		·	punct	5
3.14	9	αἴ	SCONJ	G-		εἰ	mark	11
3.14	10	τινα	PRON	Px	Case=Acc|Gender=Fem,Masc|Number=Sing|PronType=Int	τίς	det	13
3.14	11	γινώσκεις	VERB	V-	Mood=Ind|Number=Sing|Person=2|Tense=Pres|VerbForm=Fin|Voice=Act	γιγνώσκω	ROOT	11
3.14	12	δίκαιον	ADJ	A-	Case=Acc|Degree=Pos|Gender=Masc|Number=Sing	δίκαιος	amod	13
3.14	13	ἄνδρα	NOUN	Nb	Case=Acc|Gender=Masc|Number=Sing	ἀνήρ	obj	11
3.14	14	,	PUNCT	Z		,	dep	11
3.14	15	καὶ	CCONJ	C-		καί	cc	11
3.14	16	ἄδικον	ADJ	A-	Case=Acc|Degree=Pos|Gender=Masc|Number=Sing	ἄδικος	conj	11
3.14	17	ἄρα	ADV	Df		ἆρα	discourse	16
3.14	18	τὸν	DET	S-	Case=Acc|Definite=Def|Gender=Masc|Number=Sing|PronType=Dem	ὁ	det	19
3.14	19	αὐτόν	DET	Pd	Case=Acc|Gender=Masc|Number=Sing	αὐτός	dep	11
3.14	20	,	PUNCT	Z		,	punct	11
3.14	21	καὶ	CCONJ	C-		καί	cc	22
3.14	22	μέγαν	ADJ	A-	Case=Acc|Degree=Pos|Gender=Masc|Number=Sing	μέγας	ROOT	22
3.14	23	τοίνυν	ADV	Df		τοίνυν	discourse	22
3.14	24	καὶ	CCONJ	C-		καί	cc	22
3.14	25	μικρὸν	ADJ	A-	Case=Acc|Degree=Pos|Gender=Masc|Number=Sing	μικρός	conj	22
3.14	26	κατὰ	ADP	R-		κατά	case	27
3.14	27	τωὐτὸν	ADJ	Pd	Case=Acc|Gender=Neut|Number=Sing	τωὐτός	obl	22
3.14	28	.	PUNCT	Z		.	punct	22
3.14	29	καί	CCONJ	C-		καί	cc	36
3.14	30	τοι	PRON	Pp	Case=Dat|Gender=Masc|Number=Sing|Person=2|PronType=Prs	σύ	obl	36
3.14	31	〈	ADV	Df		〈	advmod	36
3.14	32	ὁ	DET	S-	Case=Nom|Definite=Def|Gender=Masc|Number=Sing|PronType=Dem	ὁ	det	35
3.14	33	〉	ADV	S-		〉	det	35
3.14	34	πολλὰ	ADJ	A-	Case=Acc|Degree=Pos|Gender=Neut|Number=Plur	πολύς	obj	35
3.14	35	ἀδικήσας	VERB	V-	Aspect=Perf|Case=Nom|Gender=Masc|Number=Sing|Tense=Past|VerbForm=Part|Voice=Act	ἀδικέω	nsubj	36
3.14	36	ἀποθανέτω	VERB	V-	Aspect=Perf|Mood=Imp|Number=Sing|Person=3|Tense=Past|VerbForm=Fin|Voice=Act	ἀποθαΐημν	ROOT	36
3.14	37	〈	ADV	Df		〈	advmod	36
3.14	38	καὶ	CCONJ	C-		καί	cc	39
3.14	39	πολλὰ	ADJ	A-	Case=Acc|Degree=Pos|Gender=Neut|Number=Plur	πολύς	obj	42
3.14	40	καὶ	CCONJ	C-		καί	cc	39
3.14	41	δίκαια	ADJ	A-	Case=Acc|Degree=Pos|Gender=Neut|Number=Plur	δίκαιος	conj	39
3.14	42	δια〉πραξάμενος	VERB	V-	Aspect=Perf|Case=Nom|Gender=Masc|Number=Sing|Tense=Past|VerbForm=Part|Voice=Mid	δια〉πραξάμενος	advcl	36
3.14	43	.	PUNCT	Z		.	punct	36
3.15	0	(	PUNCT	Df		(	ROOT	0
3.15	1	(	PUNCT	Df		(	ROOT	1
3.15	2	15	ADV	Df		15	discourse	9
3.15	3	)	ADV	Z		)	discourse	2
3.15	4	)	ADV	Z		)	dep	2
3.15	5	καὶ	CCONJ	C-		καί	cc	9
3.15	6	περὶ	ADP	R-		περί	case	8
3.15	7	μὲν	ADV	Df		μέν	discourse	9
3.15	8	τούτων	ADJ	Pd	Case=Gen|Gender=Neut|Number=Plur	οὗτος	obl	9
3.15	9	ἅλις	ADJ	A-	Case=Nom|Degree=Pos|Gender=Neut|Number=Sing	ἅλις	ROOT	9
3.15	10	.	PUNCT	Z		.	punct	9
3.15	11	εἶμι	AUX	V-	Mood=Ind|Number=Sing|Person=1|Tense=Pres|VerbForm=Fin|Voice=Act	εἶμι	cop	24
3.15	12	δὲ	ADV	Df		δέ	discourse	11
3.15	13	ἐφ	ADP	R-		ἐφ	case	14
3.15	14	’	ADP	R-		’	obl	24
3.15	15	ἃ	PRON	Pr	Case=Acc|Gender=Neut|Number=Plur|PronType=Rel	ὅς	obj	16
3.15	16	λέγοντες	VERB	V-	Case=Nom|Gender=Masc|Number=Plur|Tense=Pres|VerbForm=Part|Voice=Act	λέγω	advcl	24
3.15	17	ἀξιόοντι	VERB	V-	Case=Dat|Gender=Masc|Number=Sing|Tense=Pres|VerbForm=Part|Voice=Act	ἀξιόω	xcomp	24
3.15	18	τὸ	DET	S-	Case=Acc|Definite=Def|Gender=Neut|Number=Sing|PronType=Dem	ὁ	det	19
3.15	19	αὐτὸ	PRON	Pp	Case=Acc|Gender=Neut|Number=Sing|Person=3|PronType=Prs	αὐτός	obj	24
3.15	20	καὶ	CCONJ	C-		καί	cc	21
3.15	21	δίκαιον	ADJ	A-	Case=Acc|Degree=Pos|Gender=Neut|Number=Sing	δίκαιος	xcomp	24
3.15	22	καὶ	CCONJ	C-		καί	cc	21
3.15	23	ἄδικον	ADJ	A-	Case=Acc|Degree=Pos|Gender=Neut|Number=Sing	ἄδικος	conj	21
3.15	24	ἀποδεικνύεν	VERB	V-	Mood=Ind|Number=Plur|Person=1|Tense=Pres|VerbForm=Fin|Voice=Act	ἀποδεικνύεν	ROOT	24
3.16	0	(	PUNCT	Df		(	ROOT	0
3.16	1	(	PUNCT	Pk		(	cc	11
3.16	2	16	ADV	Df		16	discourse	1
3.16	3	)	ADV	Z		)	dep	1
3.16	4	)	ADV	Z		)	dep	1
3.16	5	τὸ	DET	S-	Case=Nom|Definite=Def|Gender=Neut|Number=Sing|PronType=Dem	ὁ	det	7
3.16	6	γὰρ	ADV	Df		γάρ	discourse	11
3.16	7	κλέπτεν	VERB	V-	Tense=Pres|VerbForm=Inf|Voice=Act	κλέπτενς	nsubj	11
3.16	8	τὰ	DET	S-	Case=Acc|Definite=Def|Gender=Neut|Number=Plur|PronType=Dem	ὁ	det	10
3.16	9	τῶν	DET	S-	Case=Gen|Definite=Def|Gender=Masc|Number=Plur|PronType=Dem	ὁ	det	10
3.16	10	πολεμίων	ADJ	A-	Case=Gen|Degree=Pos|Gender=Masc|Number=Plur	πολέμιος	obj	7
3.16	11	δίκαιον	ADJ	A-	Case=Nom|Degree=Pos|Gender=Neut|Number=Sing	δίκαιος	ROOT	11
3.16	12	,	PUNCT	Z		,	cc	11
3.16	13	καὶ	CCONJ	C-		καί	ROOT	13
3.16	14	ἄδικόν	ADJ	A-	Case=Nom|Degree=Pos|Gender=Neut|Number=Sing	ἄδικός	ROOT	14
3.16	15	〈	ADV	Df		〈	advmod	14
3.16	16	κ	ADV	Df		ΑΒΓ	advmod	14
3.16	17	’	CCONJ	A-		’	obl	14
3.16	18	〉	ADV	Df		〉	advmod	19
3.16	19	ἀπεδείκνυεν	VERB	V-	Aspect=Imp|Mood=Ind|Number=Sing|Person=3|Tense=Past|VerbForm=Fin|Voice=Act	ἀποδείκνυμι	ROOT	19
3.16	20	τοῦτο	ADJ	Pd	Case=Acc|Gender=Neut|Number=Sing	οὗτος	obj	21
3.16	21	τωὐτό	ADJ	A-	Case=Acc|Degree=Pos|Gender=Neut|Number=Sing	ωὐτός	xcomp	19
3.16	22	,	PUNCT	Z		,	cc	20
3.16	23	αἱ	SCONJ	G-		ὁ	discourse	29
3.16	24	κ	ADV	Df		ΑΒΓ	advmod	23
3.16	25	’	SCONJ	A-		’	nsubj	26
3.16	26	ἀληθὴς	ADJ	A-	Case=Nom|Degree=Pos|Gender=Fem,Masc|Number=Sing	ἀληθής	ccomp	29
3.16	27	〈	ADV	Df		〈	cop	26
3.16	28	ἧς	PRON	Pr	Case=Gen|Gender=Fem|Number=Sing|PronType=Rel	ὅς	obl	26
3.16	29	〉	ADJ	V-	Case=Nom|Degree=Pos|Gender=Masc|Number=Sing	〉	acl	20
3.16	30	ὁ	DET	S-	Case=Nom|Definite=Def|Gender=Masc|Number=Sing|PronType=Dem	ὁ	det	32
3.16	31	τήνων	VERB	V-	Case=Nom|Gender=Masc|Number=Sing|Tense=Pres|VerbForm=Part|Voice=Act	τήνω	nmod	32
3.16	32	λόγος	NOUN	Nb	Case=Nom|Gender=Masc|Number=Sing	λόγος	nsubj	29
3.16	33	,	PUNCT	Z		,	dep	19
3.16	34	καὶ	ADV	C-		καί	advmod	37
3.16	35	τἆ	ADJ	Px	Case=Acc|Gender=Neut|Number=Plur	τἆ	nsubj	37
3.16	36	λλα	ADJ	Px	Case=Acc|Gender=Neut|Number=Plur	λλα	obj	37
3.16	37	καττωὐτό	VERB	V-	Aspect=Imp|Mood=Ind|Number=Sing|Person=3|Tense=Past|VerbForm=Fin|Voice=Mid	καττωὐτό	ROOT	37
3.16	38	.	PUNCT	Z		.	punct	37
3.17	0	(	PUNCT	Df		(	ROOT	0
3.17	1	(	PUNCT	Pp		(	ROOT	1
3.17	2	17	ADV	Df		17	ROOT	2
3.17	3	)	ADV	Z		)	discourse	2
3.17	4	)	ADV	Z		)	discourse	2
3.17	5	τέχνας	NOUN	Nb	Case=Acc|Gender=Fem|Number=Plur	τέχνη	obj	7
3.17	6	δὲ	ADV	Df		δέ	discourse	7
3.17	7	ἐπάγονται	VERB	V-	Mood=Ind|Number=Plur|Person=3|Tense=Pres|VerbForm=Fin|Voice=Mid	ἐπάγω	conj	2
3.17	8	,	PUNCT	Z		,	amod	5
3.17	9	ἐν	ADP	R-		ἐν	case	10
3.17	10	αἷς	PRON	Pr	Case=Dat|Gender=Fem|Number=Plur|PronType=Rel	ὅς	obl	12
3.17	11	οὐκ	ADV	Df	Polarity=Neg	οὐ	advmod	12
3.17	12	ἔστι	AUX	V-	Mood=Ind|Number=Sing|Person=3|Tense=Pres|VerbForm=Fin|Voice=Act	εἰμί	acl	8
3.17	13	τὸ	DET	S-	Case=Nom|Definite=Def|Gender=Neut|Number=Sing|PronType=Dem	ὁ	det	14
3.17	14	δίκαιον	ADJ	A-	Case=Nom|Degree=Pos|Gender=Neut|Number=Sing	δίκαιος	nsubj	12
3.17	15	καὶ	CCONJ	C-		καί	cc	14
3.17	16	τὸ	DET	S-	Case=Nom|Definite=Def|Gender=Neut|Number=Sing|PronType=Dem	ὁ	det	17
3.17	17	ἄδικον	ADJ	A-	Case=Nom|Degree=Pos|Gender=Neut|Number=Sing	ἄδικος	conj	14
3.17	18	.	PUNCT	Z		.	punct	2
3.17	19	καὶ	CCONJ	C-		καί	cc	23
3.17	20	τοὶ	PRON	Pp	Case=Dat|Gender=Masc|Number=Sing|Person=2|PronType=Prs	σύ	det	21
3.17	21	ποιηταὶ	NOUN	Nb	Case=Nom|Gender=Masc|Number=Plur	ποιητής	nsubj	23
3.17	22	οὔ	ADV	Df	Polarity=Neg	οὐ	dep	23
3.17	23	[	PUNCT	Df	Mood=Ind|Number=Plur|Person=3|Tense=Pres|VerbForm=Fin|Voice=Act	[	ROOT	23
3.17	24	το	DET	S-	Case=Acc|Definite=Def|Gender=Neut|Number=Sing|PronType=Dem	το	det	25
3.17	25	]	ADV	Z		]	advmod	23
3.17	26	ποτ	ADV	Df		ποτ	advmod	23
3.17	27	’	INTJ	A-		’	dislocated	23
3.17	28	ἀλάθειαν	NOUN	Nb	Case=Acc|Gender=Fem|Number=Sing	ἀλήθεια	obj	23
3.17	29	,	PUNCT	Z		,	appos	23
3.17	30	ἀλλὰ	CCONJ	C-		ἀλλά	ROOT	30
3.17	31	ποτὶ	ADP	R-		πρός	case	33
3.17	32	τὰς	DET	S-	Case=Acc|Definite=Def|Gender=Fem|Number=Plur|PronType=Dem	ὁ	det	33
3.17	33	ἁδονὰς	NOUN	Nb	Case=Acc|Gender=Masc|Number=Plur	ἁδονή	obl	38
3.17	34	τῶν	DET	S-	Case=Gen|Definite=Def|Gender=Masc|Number=Plur|PronType=Dem	ὁ	det	35
3.17	35	ἀνθρώπων	NOUN	Nb	Case=Gen|Gender=Masc|Number=Plur	ἄνθρωπος	nmod	33
3.17	36	τὰ	DET	S-	Case=Acc|Definite=Def|Gender=Neut|Number=Plur|PronType=Dem	ὁ	det	37
3.17	37	ποιήματα	NOUN	Nb	Case=Acc|Gender=Neut|Number=Plur	ποίημα	obj	38
3.17	38	ποιέοντι	VERB	V-	Case=Dat|Gender=Masc|Number=Sing|Tense=Pres|VerbForm=Part|Voice=Act	ποιέω	ROOT	38
3.17	39	.	PUNCT	Z		.	punct	38
4.1	0	(	PUNCT	Df		(	ROOT	0
4.1	1	(	PUNCT	Pp		(	dep	0
4.1	2	1	ADV	Df		1	ROOT	2
4.1	3	)	SCONJ	Z		)	discourse	2
4.1	4	)	ADV	Z		)	discourse	2
4.1	5	λέγονται	VERB	V-	Mood=Ind|Number=Plur|Person=3|Tense=Pres|VerbForm=Fin|Voice=Pass	λέγω	conj	2
4.1	6	δὲ	ADV	Df		δέ	discourse	5
4.1	7	καὶ	ADV	Df		καί	advmod	10
4.1	8	περὶ	ADP	R-		περί	case	10
4.1	9	τῶ	DET	S-	Case=Dat|Definite=Def|Gender=Masc|Number=Sing|PronType=Dem	ὁ	det	10
4.1	10	ψεύδεος	NOUN	A-	Case=Gen|Gender=Neut|Number=Sing	ψεύδος	nsubj:pass	5
4.1	11	καὶ	CCONJ	C-		καί	cc	10
4.1	12	τῶ	DET	S-	Case=Dat|Definite=Def|Gender=Masc|Number=Sing|PronType=Dem	ὁ	det	13
4.1	13	ἀλαθέος	PROPN	Ne	Case=Gen|Gender=Masc|Number=Sing	ἀλαθέος	conj	10
4.1	14	δισσοὶ	ADJ	A-	Case=Nom|Degree=Pos|Gender=Masc|Number=Plur	δισσός	amod	15
4.1	15	λόγοι	NOUN	Nb	Case=Nom|Gender=Masc|Number=Plur	λόγος	nsubj:pass	5
4.1	16	,	PUNCT	Z		,	obl	5
4.1	17	ὧν	PRON	Pr	Case=Gen|Gender=Masc|Number=Plur|PronType=Rel	ὅς	nsubj	20
4.1	18	ὁ	PRON	Pp	Case=Nom|Gender=Masc|Number=Sing|Person=3|PronType=Prs	ὁ	nsubj	20
4.1	19	μέν	ADV	Df		μέν	discourse	20
4.1	20	φατι	VERB	V-	Mood=Ind|Number=Sing|Person=3|Tense=Pres|VerbForm=Fin|Voice=Act	φα	csubj:pass	5
4.1	21	,	PUNCT	Z		,	punct	2
4.1	22	ἄλλον	ADJ	A-	Case=Acc|Degree=Pos|Gender=Masc|Number=Sing	ἄλλος	ROOT	22
4.1	23	μὲν	ADV	Df		μέν	discourse	22
4.1	24	τὸν	DET	S-	Case=Acc|Definite=Def|Gender=Masc|Number=Sing|PronType=Dem	ὁ	det	25
4.1	25	ψεύσταν	NOUN	Nb	Case=Acc|Gender=Masc|Number=Sing	ψεύστης	nsubj	22
4.1	26	ἦμεν	AUX	V-	Mood=Ind|Number=Plur|Person=1|Tense=Pres|VerbForm=Fin|Voice=Act	εἰμί	cop	25
4.1	27	λόγον	NOUN	Nb	Case=Acc|Gender=Masc|Number=Sing	λόγος	nsubj	22
4.1	28	,	PUNCT	Z		,	parataxis	22
4.1	29	ἄλλον	ADJ	A-	Case=Acc|Degree=Pos|Gender=Masc|Number=Sing	ἄλλος	conj	22
4.1	30	δὲ	ADV	Df		δέ	discourse	29
4.1	31	τὸν	DET	S-	Case=Acc|Definite=Def|Gender=Masc|Number=Sing|PronType=Dem	ὁ	det	32
4.1	32	ἀλαθῆ	ADJ	A-	Case=Acc|Degree=Pos|Gender=Masc|Number=Sing	ἀληθής	orphan	29
4.1	33	·	PUNCT	Z		·	punct	22
4.1	34	ὁ	PRON	Pp	Case=Nom|Gender=Masc|Number=Sing|Person=3|PronType=Prs	ὁ	nsubj	37
4.1	35	δὲ	ADV	Df		δέ	discourse	34
4.1	36	τὸν	DET	S-	Case=Acc|Definite=Def|Gender=Masc|Number=Sing|PronType=Dem	ὁ	det	37
4.1	37	αὐτὸν	DET	Pd	Case=Acc|Gender=Masc|Number=Sing	αὐτός	ROOT	37
4.1	38	αὖ	ADV	Df		αὗ	orphan	37
4.1	39	.	PUNCT	Z		.	punct	37
4.2	0	(	PUNCT	Df		(	case	1
4.2	1	(	PUNCT	Pp		(	advmod	8
4.2	2	2	ADV	Df		2	advmod	8
4.2	3	)	ADV	Z		)	discourse	2
4.2	4	)	ADV	Z		)	discourse	2
4.2	5	κἀ	PRON	Pp	Case=Nom|Gender=Masc|Number=Sing|Person=1|PronType=Prs	κἀ	nsubj	8
4.2	6	γὼ	PRON	Pp	Case=Nom|Gender=Masc|Number=Sing|Person=1|PronType=Prs	γὼ	nsubj	8
4.2	7	τόνδε	ADJ	Pd	Case=Acc|Gender=Masc|Number=Sing	ὅδε	obj	8
4.2	8	λέγω	VERB	V-	Mood=Ind|Number=Sing|Person=1|Tense=Pres|VerbForm=Fin|Voice=Act	λέγω	ROOT	8
4.2	9	·	PUNCT	Z		·	punct	8
4.2	10	πρῶτον	ADJ	Mo	Case=Acc|Gender=Neut|Number=Sing	πρῶτος	advmod	12
4.2	11	μέν	ADV	Df		μέν	discourse	10
4.2	12	,	PUNCT	Z		,	ROOT	12
4.2	13	ὅτι	SCONJ	G-		ὅτι	mark	17
4.2	14	τοῖς	DET	S-	Case=Dat|Definite=Def|Gender=Neut|Number=Plur|PronType=Dem	ὁ	det	16
4.2	15	αὐτοῖς	DET	Pd	Case=Dat|Gender=Masc,Neut|Number=Plur	αὐτός	det	16
4.2	16	ὀνόμασι	NOUN	Nb	Case=Dat|Gender=Neut|Number=Plur	ὄνομα	nsubj:pass	17
4.2	17	λέγονται	VERB	V-	Mood=Ind|Number=Plur|Person=3|Tense=Pres|VerbForm=Fin|Voice=Pass	λέγω	ROOT	17
4.2	18	·	PUNCT	Z		·	punct	17
4.2	19	ἔπειτα	ADV	Df		ἔπειτα	advmod	25
4.2	20	δέ	ADV	Df		δέ	discourse	25
4.2	21	,	PUNCT	Z		,	dep	25
4.2	22	ὅταν	ADV	Dq	PronType=Rel	ὅταν	advmod	24
4.2	23	λόγος	NOUN	Nb	Case=Nom|Gender=Masc|Number=Sing	λόγος	nsubj:pass	24
4.2	24	ῥηθῆι	VERB	V-	Mood=Sub|Number=Sing|Person=3|Tense=Pres|VerbForm=Fin|Voice=Act	ῥηθῆι	advcl	25
4.2	25	,	PUNCT	Z		,	ROOT	25
4.2	26	αἰ	PRON	Pp	Case=Nom|Gender=Fem|Number=Plur|Person=3|PronType=Prs	εἰ	dislocated	37
4.2	27	μὲν	ADV	Df		μέν	discourse	26
4.2	28	ὥς	ADV	Dq	PronType=Rel	ὡς	advmod	32
4.2	29	〈	ADV	Df		〈	advmod	32
4.2	30	κα	ADV	Df		κα	advmod	32
4.2	31	〉	ADV	Df		〉	advmod	32
4.2	32	λέγηται	VERB	V-	Mood=Sub|Number=Sing|Person=3|Tense=Pres|VerbForm=Fin|Voice=Pass	λέγω	advcl	26
4.2	33	ὁ	DET	S-	Case=Nom|Definite=Def|Gender=Masc|Number=Sing|PronType=Dem	ὁ	det	34
4.2	34	λόγος	NOUN	Nb	Case=Nom|Gender=Masc|Number=Sing	λόγος	nsubj:pass	32
4.2	35	,	PUNCT	Z		,	punct	26
4.2	36	οὕτω	ADV	Df		οὕτως	advmod	37
4.2	37	γεγένηται	VERB	V-	Aspect=Perf|Mood=Ind|Number=Sing|Person=3|Tense=Past|VerbForm=Fin|Voice=Mid	γίγνομαι	ROOT	37
4.2	38	,	PUNCT	Z		,	punct	37
4.2	39	ἀλαθὴς	ADJ	A-	Case=Nom|Degree=Pos|Gender=Masc|Number=Sing	ἀλαθής	ROOT	39
4.2	40	ὁ	DET	S-	Case=Nom|Definite=Def|Gender=Masc|Number=Sing|PronType=Dem	ὁ	det	41
4.2	41	λόγος	NOUN	Nb	Case=Nom|Gender=Masc|Number=Sing	λόγος	nsubj	39
4.2	42	,	PUNCT	Z		,	punct	39
4.2	43	αἰ	PRON	Pp	Case=Nom|Gender=Fem|Number=Plur|Person=3|PronType=Prs	εἰ	nsubj	46
4.2	44	δὲ	ADV	Df		δέ	discourse	46
4.2	45	μὴ	ADV	Df	Polarity=Neg	μή	advmod	46
4.2	46	γεγένηται	VERB	V-	Aspect=Perf|Mood=Ind|Number=Sing|Person=3|Tense=Past|VerbForm=Fin|Voice=Mid	γίγνομαι	ROOT	46
4.2	47	,	PUNCT	Z		,	punct	46
4.2	48	ψευδὴς	ADJ	A-	Case=Nom|Degree=Pos|Gender=Masc|Number=Sing	ψευδής	ROOT	48
4.2	49	ὁ	DET	S-	Case=Nom|Definite=Def|Gender=Masc|Number=Sing|PronType=Dem	ὁ	det	51
4.2	50	αὐτὸς	DET	Pd	Case=Nom|Gender=Masc|Number=Sing	αὐτός	det	51
4.2	51	λόγος	NOUN	Nb	Case=Nom|Gender=Masc|Number=Sing	λόγος	nsubj	48
4.2	52	.	PUNCT	Z		.	punct	48
4.3	0	(	PUNCT	Df		(	ROOT	0
4.3	1	(	PUNCT	Pp		(	nsubj	6
4.3	2	3	ADV	Df		3	discourse	1
4.3	3	)	ADV	Z		)	discourse	2
4.3	4	)	ADV	Z		)	discourse	1
4.3	5	αὐτίκα	ADV	Df		αὐτίκα	advmod	6
4.3	6	κατηγορεῖ	VERB	V-	Mood=Ind|Number=Sing|Person=3|Tense=Pres|VerbForm=Fin|Voice=Act	κατηγορέω	ROOT	6
4.3	7	ἱεροσυλίαν	NOUN	Nb	Case=Acc|Gender=Fem|Number=Sing	ἱεροσυλία	obj	6
4.3	8	τω	DET	Pp	Case=Dat|Definite=Def|Gender=Masc|Number=Sing|PronType=Dem	τω	obl	6
4.3	9	·	PUNCT	Z		·	punct	6
4.3	10	αἴ	PRON	Pr	Case=Nom|Gender=Fem|Number=Plur|PronType=Rel	εἰ	nsubj	13
4.3	11	γ	ADV	Df		ΑΒΓ	discourse	10
4.3	12	’	CCONJ	A-		’	nsubj	13
4.3	13	ἐγένετο	VERB	V-	Aspect=Perf|Mood=Ind|Number=Sing|Person=3|Tense=Past|VerbForm=Fin|Voice=Mid	γίγνομαι	ROOT	13
4.3	14	τὦργον	DET	Nb	Case=Dat|Definite=Def|Gender=Masc|Number=Sing|PronType=Dem	τὦργος	nsubj	13
4.3	15	,	PUNCT	Z		,	punct	13
4.3	16	ἀλαθὴς	ADJ	A-	Case=Nom|Degree=Pos|Gender=Masc|Number=Sing	ἀλαθής	ROOT	16
4.3	17	ὁ	DET	S-	Case=Nom|Definite=Def|Gender=Masc|Number=Sing|PronType=Dem	ὁ	det	18
4.3	18	λόγος	NOUN	Nb	Case=Nom|Gender=Masc|Number=Sing	λόγος	nsubj	16
4.3	19	·	PUNCT	Z		·	punct	16
4.3	20	αἰ	PRON	Pp	Case=Nom|Gender=Fem|Number=Plur|Person=3|PronType=Prs	εἰ	nsubj	23
4.3	21	δὲ	ADV	Df		δέ	discourse	23
4.3	22	μὴ	ADV	Df	Polarity=Neg	μή	advmod	23
4.3	23	ἐγένετο	VERB	V-	Aspect=Perf|Mood=Ind|Number=Sing|Person=3|Tense=Past|VerbForm=Fin|Voice=Mid	γίγνομαι	ROOT	23
4.3	24	,	PUNCT	Z		,	punct	23
4.3	25	ψεύστας	NOUN	Nb	Case=Acc|Gender=Masc|Number=Plur	ψεύστας	ROOT	25
4.3	26	.	PUNCT	Z		.	punct	25
4.3	27	καὶ	CCONJ	C-		καί	ROOT	27
4.3	28	τῶ	DET	S-	Case=Dat|Definite=Def|Gender=Masc|Number=Sing|PronType=Dem	ὁ	det	29
4.3	29	ἀπολογουμένω	VERB	V-	Case=Dat|Gender=Masc|Number=Sing|Tense=Pres|VerbForm=Part|Voice=Mid	ἀπολογουμένω	iobj	27
4.3	30	ὡυτὸς	PROPN	Ne	Case=Nom|Gender=Masc|Number=Sing	αὐτός	det	31
4.3	31	λόγος	NOUN	Nb	Case=Nom|Gender=Masc|Number=Sing	λόγος	nsubj	27
4.3	32	.	PUNCT	Z		.	punct	27
4.3	33	καὶ	CCONJ	C-		καί	cc	44
4.3	34	τά	DET	S-	Case=Nom|Definite=Def|Gender=Neut|Number=Plur|PronType=Dem	ὁ	det	36
4.3	35	γε	ADV	Df		γε	discourse	44
4.3	36	δικαστήρια	NOUN	Nb	Case=Nom|Gender=Neut|Number=Plur	δικαστήριον	nsubj	44
4.3	37	τὸν	DET	S-	Case=Acc|Definite=Def|Gender=Masc|Number=Sing|PronType=Dem	ὁ	det	39
4.3	38	αὐτὸν	DET	Pd	Case=Acc|Gender=Masc|Number=Sing	αὐτός	det	39
4.3	39	λόγον	NOUN	Nb	Case=Acc|Gender=Masc|Number=Sing	λόγος	obj	44
4.3	40	καὶ	CCONJ	C-		καί	cc	41
4.3	41	ψεύσταν	NOUN	Nb	Case=Acc|Gender=Masc|Number=Sing	ψεύστης	dep	39
4.3	42	καὶ	CCONJ	C-		καί	cc	41
4.3	43	ἀλαθῆ	PROPN	Ne	Case=Acc|Gender=Masc|Number=Sing	ἀληθής	conj	41
4.3	44	κρίνοντι	VERB	V-	Case=Dat|Gender=Masc|Number=Sing|Tense=Pres|VerbForm=Part|Voice=Act	κρίνω	ROOT	44
4.3	45	.	PUNCT	Z		.	punct	44
4.4	0	(	PUNCT	Df		(	dep	2
4.4	1	(	PUNCT	C-		(	dep	0
4.4	2	4	ADV	Df		4	ROOT	2
4.4	3	)	ADV	Z		)	discourse	2
4.4	4	)	ADV	Z		)	dep	2
4.4	5	ἔπειτα	ADV	Df		ἔπειτα	advmod	10
4.4	6	τοὶ	PRON	Pp	Case=Dat|Gender=Masc|Number=Sing|Person=2|PronType=Prs	σύ	iobj	10
4.4	7	ἑξῆς	ADV	Df		ἑξῆς	advmod	10
4.4	8	καθήμενοι	VERB	V-	Case=Nom|Gender=Masc|Number=Plur|Tense=Pres|VerbForm=Part|Voice=Mid	κάθημαι	advcl	10
4.4	9	αἰ	ADV	Df		εἰ	mark	10
4.4	10	λέγοιμεν	VERB	V-	Aspect=Imp|Mood=Ind|Number=Plur|Person=1|Tense=Past|VerbForm=Fin|Voice=Act	λέγω	conj	2
4.4	11	μύστας	NOUN	Nb	Case=Acc|Gender=Masc|Number=Plur	μύστης	ccomp	10
4.4	12	εἰμί	AUX	V-	Mood=Ind|Number=Sing|Person=1|Tense=Pres|VerbForm=Fin|Voice=Act	εἰμί	cop	11
4.4	13	,	PUNCT	Z		,	punct	2
4.4	14	τὸ	DET	S-	Case=Acc|Definite=Def|Gender=Neut|Number=Sing|PronType=Dem	ὁ	det	15
4.4	15	αὐτὸ	ADJ	Pd	Case=Acc|Gender=Neut|Number=Sing	αὐτός	obj	18
4.4	16	μὲν	ADV	Df		μέν	discourse	18
4.4	17	πάντες	ADJ	Px	Case=Nom|Gender=Masc|Number=Plur	πᾶς	nsubj	18
4.4	18	ἐροῦμεν	VERB	V-	Mood=Ind|Number=Plur|Person=1|Tense=Fut|VerbForm=Fin|Voice=Act	λέγω	ROOT	18
4.4	19	,	PUNCT	Z		,	punct	18
4.4	20	ἀλαθὲς	ADJ	F-	Case=Nom|Degree=Pos|Gender=Neut|Number=Sing	ἀλαθές	ROOT	20
4.4	21	δὲ	ADV	Df		δέ	discourse	20
4.4	22	μόνος	ADJ	A-	Case=Nom|Degree=Pos|Gender=Masc|Number=Sing	μόνος	nsubj	20
4.4	23	ἐγώ	PRON	Pp	Case=Nom|Gender=Masc|Number=Sing|Person=1|PronType=Prs	ἐγώ	nsubj	20
4.4	24	,	PUNCT	Z		,	advcl	20
4.4	25	ἐπεὶ	SCONJ	G-		ἐπεί	mark	27
4.4	26	καὶ	ADV	Df		καί	advmod	27
4.4	27	εἰμί	AUX	V-	Mood=Ind|Number=Sing|Person=1|Tense=Pres|VerbForm=Fin|Voice=Act	εἰμί	advcl	20
4.4	28	.	PUNCT	Z		.	punct	20
4.5	0	(	PUNCT	Pp		(	ROOT	0
4.5	1	(	PUNCT	Pp	Case=Nom|Gender=Masc|Number=Sing	(	ROOT	1
4.5	2	5	ADV	Df		5	ROOT	2
4.5	3	)	ADV	Z		)	discourse	2
4.5	4	)	ADV	Z		)	discourse	2
4.5	5	δᾶλον	NOUN	Nb	Case=Acc|Gender=Neut|Number=Sing	δᾶλος	conj	2
4.5	6	ὧν	AUX	V-	Case=Nom|Gender=Masc|Number=Sing|Tense=Pres|VerbForm=Part|Voice=Act	ὅς	cop	5
4.5	7	,	PUNCT	Z		,	parataxis	2
4.5	8	ὅτι	SCONJ	G-		ὅτι	mark	20
4.5	9	ὁ	DET	S-	Case=Nom|Definite=Def|Gender=Masc|Number=Sing|PronType=Dem	ὁ	det	11
4.5	10	αὐτὸς	DET	Pd	Case=Nom|Gender=Masc|Number=Sing	αὐτός	det	11
4.5	11	λόγος	NOUN	Nb	Case=Nom|Gender=Masc|Number=Sing	λόγος	nsubj	20
4.5	12	,	PUNCT	Z		,	cc	19
4.5	13	ὅταν	ADV	Dq	PronType=Rel	ὅταν	advmod	16
4.5	14	μὲν	ADV	Df		μέν	discourse	16
4.5	15	αὐτῶι	PRON	Pp	Case=Dat|Gender=Masc|Number=Sing|Person=3|PronType=Prs	αὐτῶι	iobj	16
4.5	16	παρῆι	VERB	V-	Mood=Sub|Number=Sing|Person=3|Tense=Pres|VerbForm=Fin|Voice=Act	παρῆι	advcl	19
4.5	17	τὸ	DET	S-	Case=Nom|Definite=Def|Gender=Neut|Number=Sing|PronType=Dem	ὁ	det	18
4.5	18	ψεῦδος	NOUN	Nb	Case=Nom|Gender=Neut|Number=Sing	ψεῦδος	nsubj	16
4.5	19	,	PUNCT	Z		,	advmod	20
4.5	20	ψεύστας	NOUN	Nb	Case=Acc|Gender=Masc|Number=Plur	ψεύστης	csubj:pass	2
4.5	21	ἐστίν	AUX	V-	Mood=Ind|Number=Sing|Person=3|Tense=Pres|VerbForm=Fin|Voice=Act	εἰμί	cop	20
4.5	22	,	PUNCT	Z		,	punct	2
4.5	23	ὅταν	ADV	Dq	PronType=Rel	ὅταν	dep	26
4.5	24	δὲ	ADV	Df		δέ	discourse	26
4.5	25	τὸ	DET	S-	Case=Nom|Definite=Def|Gender=Neut|Number=Sing|PronType=Dem	ὁ	det	26
4.5	26	ἀλαθές	ADJ	A-	Case=Nom|Degree=Pos|Gender=Neut|Number=Sing	ἀλαθής	obl:agent	27
4.5	27	,	PUNCT	Z		,	ROOT	27
4.5	28	ἀλαθής	ADJ	A-	Case=Nom|Degree=Pos|Gender=Masc|Number=Sing	ἀλαθής	conj	27
4.5	29	(	PUNCT	Df	Polarity=Neg	(	dep	27
4.5	30	ὥσπερ	ADV	Dq	PronType=Rel	ὥσπερ	advmod	32
4.5	31	καὶ	ADV	Df		καί	advmod	32
4.5	32	ἄνθρωπος	NOUN	Nb	Case=Nom|Gender=Masc|Number=Sing	ἄνθρωπος	obl	27
4.5	33	τὸ	DET	S-	Case=Acc|Definite=Def|Gender=Neut|Number=Sing|PronType=Dem	ὁ	det	34
4.5	34	αὐτό	PRON	Pd	Case=Acc|Gender=Neut|Number=Sing|Person=3|PronType=Prs	αὐτός	orphan	32
4.5	35	,	PUNCT	Z		,	ROOT	35
4.5	36	καὶ	CCONJ	C-		καί	cc	37
4.5	37	παῖς	NOUN	Nb	Case=Nom|Gender=Masc|Number=Sing	παῖς	ROOT	37
4.5	38	καὶ	CCONJ	C-		καί	cc	37
4.5	39	νεανίσκος	NOUN	Nb	Case=Nom|Gender=Masc|Number=Sing	νεανίσκος	conj	37
4.5	40	καὶ	CCONJ	C-		καί	cc	37
4.5	41	ἀνὴρ	NOUN	Nb	Case=Nom|Gender=Masc|Number=Sing	ἀνήρ	conj	37
4.5	42	καὶ	CCONJ	C-		καί	cc	37
4.5	43	γέρων	NOUN	Nb	Case=Nom|Gender=Masc|Number=Sing	γέρων	conj	37
4.5	44	ἐστίν).	AUX	V-	Mood=Ind|Number=Sing|Person=3|Tense=Pres|VerbForm=Fin|Voice=Act	ἐστίν).	cop	37
4.6	0	(	PUNCT	V-		(	ROOT	0
4.6	1	(	PUNCT	Pp	Case=Nom|Gender=Masc|Number=Sing	(	ROOT	1
4.6	2	6	ADV	Df		6	discourse	5
4.6	3	)	ADV	Z		)	dep	2
4.6	4	)	ADV	Z		)	discourse	5
4.6	5	λέγεται	VERB	V-	Mood=Ind|Number=Sing|Person=3|Tense=Pres|VerbForm=Fin|Voice=Pass	λέγω	ROOT	5
4.6	6	δὲ	ADV	Df		δέ	discourse	5
4.6	7	καὶ	ADV	Df		καί	cc	5
4.6	8	ὡς	SCONJ	G-		ὡς	mark	9
4.6	9	ἄλλος	ADJ	A-	Case=Nom|Degree=Pos|Gender=Masc|Number=Sing	ἄλλος	csubj:pass	5
4.6	10	εἴη	AUX	V-	Mood=Opt|Number=Sing|Person=3|Tense=Pres|VerbForm=Fin|Voice=Act	εἰμί	cop	9
4.6	11	ὁ	DET	S-	Case=Nom|Definite=Def|Gender=Masc|Number=Sing|PronType=Dem	ὁ	det	13
4.6	12	ψεύστας	NOUN	Nb	Case=Nom|Gender=Masc|Number=Sing	ψεύστης	nmod	13
4.6	13	λόγος	NOUN	Nb	Case=Nom|Gender=Masc|Number=Sing	λόγος	nsubj	10
4.6	14	,	PUNCT	Z		,	punct	5
4.6	15	ἄλλος	ADJ	A-	Case=Nom|Degree=Pos|Gender=Masc|Number=Sing	ἄλλος	amod	19
4.6	16	δὲ	ADV	Df		δέ	discourse	15
4.6	17	ὁ	DET	S-	Case=Nom|Definite=Def|Gender=Masc|Number=Sing|PronType=Dem	ὁ	det	18
4.6	18	ἀλαθής	ADJ	A-	Case=Nom|Degree=Pos|Gender=Masc|Number=Sing	ἀλαθής	nsubj	15
4.6	19	,	PUNCT	Z		,	ROOT	19
4.6	20	διαφέρων	ADJ	V-	Case=Nom|Degree=Cmp|Gender=Masc|Number=Sing	διαφέρω	ROOT	20
4.6	21	τὤνυμα	NOUN	Nb	Case=Gen|Gender=Neut|Number=Plur	τὤνυμος	det	22
4.6	22	〈	NOUN	Nb	Case=Gen|Gender=Neut|Number=Plur	〈	iobj	20
4.6	23	ὥσπερ	ADV	Df		ὥσπερ	advmod	27
4.6	24	καὶ	ADV	Df		καί	advmod	26
4.6	25	τὸ	DET	S-	Case=Nom|Definite=Def|Gender=Neut|Number=Sing|PronType=Dem	ὁ	det	26
4.6	26	πρᾶγμα	NOUN	Nb	Case=Nom|Gender=Neut|Number=Sing	πρᾶγμα	nsubj	27
4.6	27	〉	ADJ	Nb	Case=Acc|Gender=Neut|Number=Sing	〉	obl	20
4.6	28	·	PUNCT	Z		·	punct	20
4.6	29	αἰ	SCONJ	G-		εἰ	mark	32
4.6	30	γάρ	ADV	Df		γάρ	discourse	35
4.6	31	τις	ADJ	Px	Case=Nom|Gender=Masc|Number=Sing	τίς	nsubj	32
4.6	32	ἐρωτάσαι	VERB	V-	Aspect=Perf|Mood=Opt|Number=Sing|Person=3|Tense=Past|VerbForm=Fin|Voice=Act	ἐρωτάω	advcl	35
4.6	33	τὼς	DET	S-	Case=Acc|Definite=Def|Gender=Masc|Number=Plur|PronType=Dem	τώς	det	34
4.6	34	λέγοντας	VERB	V-	Case=Acc|Gender=Masc|Number=Plur|Tense=Pres|VerbForm=Part|Voice=Act	λέγω	obj	32
4.6	35	,	PUNCT	Z		,	ROOT	35
4.6	36	ὡς	SCONJ	G-		ὡς	mark	41
4.6	37	ὁ	DET	S-	Case=Nom|Definite=Def|Gender=Masc|Number=Sing|PronType=Dem	ὁ	det	39
4.6	38	αὐτὸς	DET	Pd	Case=Nom|Gender=Masc|Number=Sing	αὐτός	det	39
4.6	39	λόγος	NOUN	Nb	Case=Nom|Gender=Masc|Number=Sing	λόγος	nsubj	41
4.6	40	εἴη	AUX	V-	Mood=Opt|Number=Sing|Person=3|Tense=Pres|VerbForm=Fin|Voice=Act	εἰμί	cop	41
4.6	41	ψεύστας	NOUN	Nb	Case=Nom|Gender=Masc|Number=Sing	ψεύστας	ccomp	35
4.6	42	καὶ	CCONJ	C-		καί	cc	41
4.6	43	ἀλαθής	PROPN	A-	Case=Nom|Gender=Masc|Number=Sing	ἀλαθής	conj	41
4.6	44	,	PUNCT	Z		,	dep	35
4.6	45	ὃν	PRON	Pr	Case=Acc|Gender=Masc|Number=Sing|PronType=Rel	ὅς	obj	47
4.6	46	αὐτοὶ	ADJ	Pd	Case=Nom|Gender=Masc|Number=Plur	αὐτός	nsubj	47
4.6	47	λέγοντι	VERB	V-	Mood=Ind|Number=Plur|Person=3|Tense=Pres|VerbForm=Fin|Voice=Act	λέγω	acl	44
4.6	48	,	PUNCT	Z		,	punct	35
4.6	49	πότερός	PRON	Pi	Case=Nom|Gender=Masc|Number=Sing|PronType=Int	πότερος	ROOT	49
4.6	50	ἐστιν	AUX	V-	Mood=Ind|Number=Sing|Person=3|Tense=Pres|VerbForm=Fin|Voice=Act	εἰμί	cop	49
4.6	51	·	PUNCT	Z		·	punct	49
4.6	52	αἰ	SCONJ	G-		εἰ	mark	54
4.6	53	μὲν	ADV	Df		μέν	discourse	54
4.6	54	ψεύστας	NOUN	Nb	Case=Acc|Gender=Masc|Number=Plur	ψεύστας	ROOT	54
4.6	55	,	PUNCT	Z		,	punct	54
4.6	56	δᾶλον	ADJ	A-	Case=Nom|Degree=Pos|Gender=Neut|Number=Sing	δᾶλος	ROOT	56
4.6	57	ὅτι	SCONJ	G-		ὅτι	mark	58
4.6	58	δύο	NUM	Ma		δύο	ccomp	56
4.6	59	εἴη	AUX	V-	Mood=Opt|Number=Sing|Person=3|Tense=Pres|VerbForm=Fin|Voice=Act	εἰμί	cop	58
4.6	60	·	PUNCT	Z		·	punct	56
4.6	61	αἰ	SCONJ	G-		εἰ	mark	65
4.6	62	δ’	ADV	Df		δ’	discourse	65
4.6	63	ἀλαθής	ADJ	A-	Case=Nom|Degree=Pos|Gender=Masc|Number=Sing	ἀλαθής	nsubj	65
4.6	64	[	PUNCT	Df		[	advmod	63
4.6	65	ἀποκρίναιτο	VERB	V-	Aspect=Perf|Mood=Opt|Number=Sing|Person=3|Tense=Past|VerbForm=Fin|Voice=Mid	ἀποκρίνω	advcl	67
4.6	66	]	PRON	Z	Case=Dat|Gender=Masc|Number=Sing|Person=3|PronType=Prs	]ς	iobj	65
4.6	67	,	PUNCT	Z		,	ROOT	67
4.6	68	καὶ	CCONJ	C-		καί	cc	69
4.6	69	ψεύστας	NOUN	Nb	Case=Nom|Gender=Masc|Number=Sing	ψεύστας	ROOT	69
4.6	70	ὁ	DET	S-	Case=Nom|Definite=Def|Gender=Masc|Number=Sing|PronType=Dem	ὁ	det	72
4.6	71	αὐτὸς	DET	Pd	Case=Nom|Gender=Masc|Number=Sing	αὐτός	det	72
4.6	72	οὗτος	ADJ	Pd	Case=Nom|Gender=Masc|Number=Sing	οὗτος	nsubj	69
4.6	73	.	PUNCT	Z		.	punct	69
4.6	74	καὶ	CCONJ	C-		καί	cc	78
4.6	75	ἀλαθῆ	PROPN	Ne	Case=Nom|Gender=Masc|Number=Sing	ἀληθής	nsubj	78
4.6	76	τίς	ADJ	Px	Case=Nom|Gender=Masc|Number=Sing	τίς	nsubj	78
4.6	77	ποκα	ADV	Df		ποκα	advmod	78
4.6	78	εἶπεν	VERB	V-	Aspect=Perf|Mood=Ind|Number=Sing|Person=3|Tense=Past|VerbForm=Fin|Voice=Act	λέγω	ROOT	78
4.6	79	ἢ	CCONJ	C-		ἤ	cc	78
4.6	80	ἐξεμαρτύρησε	VERB	V-	Aspect=Perf|Mood=Ind|Number=Sing|Person=3|Tense=Past|VerbForm=Fin|Voice=Act	ἐξιμαρτυρέω	conj	78
4.6	81	,	PUNCT	Z		,	punct	78
4.6	82	καὶ	CCONJ	C-		καί	cc	83
4.6	83	ψευδῆ	ADJ	A-	Case=Nom|Degree=Pos|Gender=Neut|Number=Plur	ψευδής	ROOT	83
4.6	84	ἄρα	ADV	Df		ἆρα	discourse	83
4.6	85	τὰ	DET	S-	Case=Nom|Definite=Def|Gender=Neut|Number=Plur|PronType=Dem	ὁ	det	87
4.6	86	αὐτὰ	DET	Pd	Case=Nom|Gender=Neut|Number=Plur	αὐτός	det	87
4.6	87	ταῦτα	ADJ	Pd	Case=Nom|Gender=Neut|Number=Plur	οὗτος	nsubj	83
4.6	88	.	PUNCT	Z		.	punct	83
4.6	89	καὶ	CCONJ	C-		καί	cc	94
4.6	90	αἴ	SCONJ	G-		εἰ	mark	94
4.6	91	τινα	DET	Px	Case=Acc|Gender=Masc|Number=Sing	τίς	det	92
4.6	92	ἄνδρα	NOUN	Nb	Case=Acc|Gender=Masc|Number=Sing	ἀνήρ	obj	94
4.6	93	ἀλαθῆ	ADJ	A-	Case=Acc|Degree=Pos|Gender=Masc|Number=Sing	ἀληθής	nmod	92
4.6	94	οἶδε	VERB	V-	Aspect=Perf|Mood=Ind|Number=Sing|Person=3|Tense=Past|VerbForm=Fin|Voice=Act	οἶδα	ROOT	94
4.6	95	,	PUNCT	Z		,	punct	94
4.6	96	καὶ	CCONJ	C-		καί	cc	97
4.6	97	ψεύσταν	NOUN	Nb	Case=Acc|Gender=Masc|Number=Sing	ψεύστης	ROOT	97
4.6	98	τὸν	DET	S-	Case=Acc|Definite=Def|Gender=Masc|Number=Sing|PronType=Dem	ὁ	det	99
4.6	99	αὐτόν	ADJ	Pd	Case=Acc|Gender=Masc|Number=Sing	αὐτός	nsubj	97
4.6	100	.	PUNCT	Z		.	punct	97
4.7	0	(	PUNCT	Df		(	ROOT	0
4.7	1	(	PUNCT	R-		(	dep	0
4.7	2	7	ADV	Df		7	parataxis	29
4.7	3	)	CCONJ	Z		)	dep	2
4.7	4	)	CCONJ	Z		)	dep	2
4.7	5	ἐκ	ADP	R-		ἐκ	case	8
4.7	6	δὲ	ADV	Df		δέ	discourse	8
4.7	7	τῶ	DET	S-	Case=Dat|Definite=Def|Gender=Masc|Number=Sing|PronType=Dem	ὁ	det	8
4.7	8	λόγω	NOUN	Nb	Case=Dat|Gender=Masc|Number=Sing	λόγος	orphan	11
4.7	9	λέγοντι	VERB	V-	Case=Dat|Gender=Masc|Number=Sing|Tense=Pres|VerbForm=Part|Voice=Act	λέγω	orphan	8
4.7	10	ταῦτα	ADJ	Pd	Case=Acc|Gender=Neut|Number=Plur	οὗτος	obj	9
4.7	11	,	PUNCT	Z		,	dep	2
4.7	12	ὅτι	SCONJ	G-		ὅτι	mark	17
4.7	13	γενομένω	VERB	V-	Aspect=Perf|Case=Dat|Gender=Masc|Number=Sing|Tense=Past|VerbForm=Part|Voice=Mid	γενομένω	advcl	17
4.7	14	μὲν	ADV	Df		μέν	discourse	13
4.7	15	τῶ	DET	S-	Case=Dat|Definite=Def|Gender=Masc,Neut|Number=Sing|PronType=Dem	ὁ	det	16
4.7	16	πράγματος	NOUN	Nb	Case=Gen|Gender=Neut|Number=Sing	πρᾶγμα	obl:agent	13
4.7	17	ἀλαθῆ	VERB	A-	Aspect=Perf|Mood=Ind|Number=Sing|Person=3|Tense=Past|VerbForm=Fin|Voice=Pass	ἀληθής	advcl	2
4.7	18	τὸν	DET	S-	Case=Acc|Definite=Def|Gender=Masc|Number=Sing|PronType=Dem	ὁ	det	19
4.7	19	λόγον	NOUN	Nb	Case=Acc|Gender=Masc|Number=Sing	λόγος	obj	17
4.7	20	〈	DET	S-	Case=Dat|Definite=Def|Gender=Masc|Number=Sing|PronType=Dem	〈	obl	17
4.7	21	λέγοντι	VERB	V-	Case=Dat|Gender=Masc|Number=Sing|Tense=Pres|VerbForm=Part|Voice=Act	λέγω	advcl	17
4.7	22	〉	ADV	Nb		〉	obj	21
4.7	23	,	PUNCT	Z		,	cc	17
4.7	24	ἀγενήτω	ADJ	A-	Case=Dat|Degree=Pos|Gender=Masc|Number=Sing	ἀγενήτω	advmod	26
4.7	25	δὲ	ADV	Df		δέ	discourse	26
4.7	26	ψεύσταν	VERB	Nb	Tense=Pres|VerbForm=Inf|Voice=Act	ψεύστης	conj	23
4.7	27	.	PUNCT	Z		.	punct	17
4.7	28	οὔκων	ADV	Df		οὔκουν	advmod	29
4.7	29	διαφέρει	VERB	V-	Mood=Ind|Number=Sing|Person=3|Tense=Pres|VerbForm=Fin|Voice=Act	διαφέρω	ROOT	29
4.7	30	〈	CCONJ	Nb		〈	iobj	29
4.7	31	αὐτῶν	DET	Pp	Case=Gen|Number=Plur	αὐτός	det	32
4.7	32	τὤνυμα	NOUN	Nb	Case=Gen|Gender=Neut|Number=Plur	τὤνυμος	iobj	29
4.7	33	,	PUNCT	Z		,	obl	29
4.7	34	ἀλλὰ	CCONJ	C-		ἀλλά	ROOT	34
4.7	35	τὸ	DET	S-	Case=Nom|Definite=Def|Gender=Neut|Number=Sing|PronType=Dem	ὁ	det	36
4.7	36	πρᾶγμα	NOUN	Nb	Case=Nom|Gender=Neut|Number=Sing	πρᾶγμα	ROOT	36
4.7	37	.	PUNCT	Z		.	punct	36
4.8	0	(	PUNCT	Pr		(	dep	1
4.8	1	(	PUNCT	Pr		(	ROOT	1
4.8	2	8)	ADV	Df		8)	dep	1
4.8	3	)	ADV	Z		)	dep	1
4.8	4	ἐρωτάσαι	VERB	V-	Aspect=Perf|Tense=Past|VerbForm=Inf|Voice=Act	ἐρωτάω	conj	1
4.8	5	δὲ	ADV	Df		δέ	discourse	4
4.8	6	κά	ADV	Df		ἄν	advmod	4
4.8	7	τις	ADJ	Px	Case=Nom|Gender=Masc|Number=Sing	τίς	nsubj	4
4.8	8	〉	ADV	Df		〉	advmod	4
4.8	9	αὖθις	ADV	Df		αὖθις	advmod	4
4.8	10	τὼς	ADV	Df		τώς	det	11
4.8	11	δικαστάς	NOUN	Nb	Case=Acc|Gender=Masc|Number=Plur	δικαστής	obj	4
4.8	12	,	PUNCT	Z		,	advcl	4
4.8	13	ὅτι	SCONJ	G-		ὅτι	mark	14
4.8	14	κρίνοντι	VERB	V-	Case=Dat|Gender=Masc|Number=Sing|Tense=Pres|VerbForm=Part|Voice=Act	κρίνω	ccomp	4
4.8	15	(	PUNCT	C-		(	cc	14
4.8	16	οὐ	ADV	Df	Polarity=Neg	οὐ	advmod	18
4.8	17	γὰρ	ADV	Df		γάρ	discourse	18
4.8	18	πάρεντι	VERB	V-	Mood=Ind|Number=Plur|Person=3|Tense=Pres|VerbForm=Fin|Voice=Act	πάρεντι	conj	14
4.8	19	τοῖς	DET	S-	Case=Dat|Definite=Def|Gender=Neut|Number=Plur|PronType=Dem	ὁ	det	20
4.8	20	πράγμασιν	NOUN	Nb	Case=Dat|Gender=Neut|Number=Plur	πρᾶγμα	iobj	18
4.8	21	)	CCONJ	Z		)	cc	14
4.9	0	(	PUNCT	Df		(	dep	1
4.9	1	(	PUNCT	Pp		(	cc	9
4.9	2	9	ADV	Df		9	discourse	1
4.9	3	)	ADV	Z		)	dep	1
4.9	4	)	ADV	Z		)	discourse	1
4.9	5	ὁμολογέοντι	VERB	V-	Case=Dat|Gender=Masc|Number=Sing|Tense=Pres|VerbForm=Part|Voice=Act	ὁμολογέω	conj	1
4.9	6	δὲ	ADV	Df		δέ	discourse	5
4.9	7	καὶ	ADV	Df		καί	advmod	8
4.9	8	αὐτοί	ADJ	Pd	Case=Nom|Gender=Masc|Number=Plur	αὐτός	nsubj	5
4.9	9	,	PUNCT	Z		,	ROOT	9
4.9	10	ὧι	PRON	Pr	Case=Dat|Gender=Masc|Number=Sing|PronType=Rel	ὅς	iobj	14
4.9	11	μὲν	ADV	Df		μέν	discourse	14
4.9	12	τὸ	DET	S-	Case=Nom|Definite=Def|Gender=Neut|Number=Sing|PronType=Dem	ὁ	det	13
4.9	13	ψεῦδος	NOUN	Nb	Case=Nom|Gender=Neut|Number=Sing	ψεῦδος	nsubj:pass	14
4.9	14	ἀναμέμεικται	VERB	V-	Aspect=Perf|Mood=Ind|Number=Sing|Person=3|Tense=Past|VerbForm=Fin|Voice=Pass	ἀναμέμεικται	acl	9
4.9	15	,	PUNCT	Z		,	advmod	16
4.9	16	ψεύσταν	NOUN	Nb	Case=Acc|Gender=Masc|Number=Sing	ψεύστης	csubj:pass	14
4.9	17	ἦμεν	AUX	V-	Mood=Ind|Number=Plur|Person=1|Tense=Pres|VerbForm=Fin|Voice=Act	εἰμί	cop	16
4.9	18	,	PUNCT	Z		,	punct	9
4.9	19	ὦ	PRON	Pr	Case=Dat|Gender=Masc|Number=Sing|PronType=Rel	ὦ	dep	22
4.9	20	δὲ	ADV	Df		δέ	discourse	22
4.9	21	τὸ	DET	S-	Case=Nom|Definite=Def|Gender=Neut|Number=Sing|PronType=Dem	ὁ	det	22
4.9	22	ἀλαθές	ADJ	A-	Case=Nom|Degree=Pos|Gender=Neut|Number=Sing	ἀλαθής	obl:agent	23
4.9	23	,	PUNCT	Z		,	ROOT	23
4.9	24	ἀλαθῆ	ADJ	A-	Case=Nom|Degree=Pos|Gender=Neut|Number=Sing	ἀληθής	conj	23
4.9	25	.	PUNCT	Z		.	punct	23
4.9	26	τοῦτο	ADJ	Pd	Case=Nom|Gender=Neut|Number=Sing	οὗτος	nsubj	29
4.9	27	δὲ	ADV	Df		δέ	discourse	29
4.9	28	ὅλον	ADJ	A-	Case=Nom|Degree=Pos|Gender=Neut|Number=Sing	ὅλος	nsubj	29
4.9	29	διαφέρει	VERB	V-	Mood=Ind|Number=Sing|Person=3|Tense=Pres|VerbForm=Fin|Voice=Act	διαφέρω	ROOT	29
4.9	30	.	PUNCT	Z		.	punct	29
4.9	31	.	PUNCT	Z		.	ROOT	31
4.9	32	.	PUNCT	Z		.	ROOT	32
4.9	33	.	PUNCT	Z		.	ROOT	33
5.1	0	(	PUNCT	R-		(	dep	1
5.1	1	(	PUNCT	C-		(	ROOT	1
5.1	2	1	ADV	Df		1	ROOT	2
5.1	3	)	ADV	Z		)	discourse	2
5.1	4	)	ADV	Z		)	advmod	2
5.1	5	ταὐτὰ	ADJ	Pd	Case=Acc|Gender=Neut|Number=Plur	αὐτός	obl	7
5.1	6	τοὶ	PRON	Pp	Case=Dat|Gender=Masc|Number=Sing|Person=2|PronType=Prs	σύ	obl	7
5.1	7	μαινόμενοι	VERB	V-	Case=Nom|Gender=Masc|Number=Plur|Tense=Pres|VerbForm=Part|Voice=Mid	μαίνομαι	conj	2
5.1	8	καὶ	CCONJ	C-		καί	cc	7
5.1	9	τοὶ	PRON	Pp	Case=Dat|Gender=Masc|Number=Sing|Person=2|PronType=Prs	σύ	det	10
5.1	10	σωφρονοῦντες	VERB	V-	Case=Nom|Gender=Masc|Number=Plur|Tense=Pres|VerbForm=Part|Voice=Act	σωφρονέω	conj	7
5.1	11	καὶ	CCONJ	C-		καί	cc	7
5.1	12	τοὶ	PRON	Pp	Case=Dat|Gender=Masc|Number=Sing|Person=2|PronType=Prs	σύ	det	13
5.1	13	σοφοὶ	ADJ	A-	Case=Nom|Degree=Pos|Gender=Masc|Number=Plur	σοφός	conj	7
5.1	14	καὶ	CCONJ	C-		καί	cc	13
5.1	15	τοὶ	PRON	Pp	Case=Dat|Gender=Masc|Number=Sing|Person=2|PronType=Prs	σύ	discourse	16
5.1	16	ἀμαθεῖς	ADJ	A-	Case=Nom|Degree=Pos|Gender=Masc|Number=Plur	ἀμαθής	conj	13
5.1	17	καὶ	CCONJ	C-		καί	cc	18
5.1	18	λέγοντι	VERB	V-	Case=Dat|Gender=Masc|Number=Sing|Tense=Pres|VerbForm=Part|Voice=Act	λέγω	dep	7
5.1	19	καὶ	CCONJ	C-		καί	cc	18
5.1	20	πράσσοντι	VERB	V-	Case=Dat|Gender=Masc|Number=Sing|Tense=Pres|VerbForm=Part|Voice=Act	πράσσω	conj	18
5.1	21	.	PUNCT	Z		.	punct	2
5.2	0	(	PUNCT	Df		(	ROOT	0
5.2	1	(	PUNCT	Df		(	ROOT	1
5.2	2	2	ADV	Df		2	discourse	1
5.2	3	)	ADV	Z		)	discourse	2
5.2	4	)	ADV	Z		)	dep	1
5.2	5	καὶ	CCONJ	C-		καί	cc	8
5.2	6	πρᾶτον	ADJ	Mo	Case=Acc|Gender=Neut|Number=Sing	πρᾶτος	advmod	8
5.2	7	μὲν	ADV	Df		μέν	discourse	6
5.2	8	ὀνομάζοντι	VERB	V-	Case=Dat|Gender=Masc|Number=Sing|Tense=Pres|VerbForm=Part|Voice=Act	ὀνομάζω	conj	1
5.2	9	ταὐτά	ADJ	Pd	Case=Acc|Gender=Neut|Number=Plur	αὐτός	obj	8
5.2	10	,	PUNCT	Z		,	parataxis	1
5.2	11	γᾶν	PROPN	Ne		γῆ	ROOT	11
5.2	12	καὶ	CCONJ	C-		καί	cc	11
5.2	13	ἄνθρωπον	NOUN	Nb	Case=Acc|Gender=Masc|Number=Sing	ἄνθρωπος	conj	11
5.2	14	καὶ	CCONJ	C-		καί	cc	11
5.2	15	ἵππον	NOUN	Nb	Case=Acc|Gender=Masc|Number=Sing	ἵππος	conj	11
5.2	16	καὶ	CCONJ	C-		καί	cc	11
5.2	17	πῦρ	NOUN	Nb	Case=Acc|Gender=Neut|Number=Sing	πῦρ	conj	11
5.2	18	καὶ	CCONJ	C-		καί	cc	11
5.2	19	τἆ	DET	Px	Case=Acc|Gender=Neut|Number=Plur	τἆ	det	20
5.2	20	λλα	DET	Px	Case=Acc|Gender=Neut|Number=Plur	λλος	conj	11
5.2	21	πάντα	DET	Px	Case=Acc|Gender=Neut|Number=Plur	πᾶς	det	20
5.2	22	.	PUNCT	Z		.	punct	11
5.2	23	καὶ	CCONJ	C-		καί	cc	24
5.2	24	ποιέοντι	VERB	V-	Case=Dat|Gender=Masc|Number=Sing|Tense=Pres|VerbForm=Part|Voice=Act	ποιέω	ROOT	24
5.2	25	ταὐτά	ADJ	Pd	Case=Acc|Gender=Neut|Number=Plur	αὐτός	obj	24
5.2	26	,	PUNCT	Z		,	cc	24
5.2	27	κάθηντα	VERB	V-	Case=Acc|Gender=Masc|Number=Sing|Tense=Pres|VerbForm=Part|Voice=Act	κάθηντα	conj	24
5.2	28	καὶ	CCONJ	C-		καί	cc	27
5.2	29	ἔσθοντι	VERB	V-	Case=Dat|Gender=Masc|Number=Sing|Tense=Pres|VerbForm=Part|Voice=Act	ἔσθοντι	conj	27
5.2	30	καὶ	CCONJ	C-		καί	cc	27
5.2	31	πίνοντι	VERB	V-	Case=Dat|Gender=Masc|Number=Sing|Tense=Pres|VerbForm=Part|Voice=Act	πίνω	conj	27
5.2	32	καὶ	CCONJ	C-		καί	cc	24
5.2	33	κατάκεινται	VERB	V-	Mood=Ind|Number=Plur|Person=3|Tense=Pres|VerbForm=Fin|Voice=Mid	κατάκεινμι	conj	24
5.2	34	,	PUNCT	Z		,	punct	24
5.2	35	καὶ	CCONJ	C-		καί	cc	38
5.2	36	τἆ	ADJ	Px	Case=Acc|Gender=Neut|Number=Plur	τἆ	det	38
5.2	37	λλα	ADJ	Px	Case=Acc|Gender=Neut|Number=Plur	λλα	det	38
5.2	38	καττωὐτό	VERB	V-	Mood=Imp|Number=Sing|Person=3|Tense=Pres|VerbForm=Fin|Voice=Act	καττωὐτό	ROOT	38
5.2	39	.	PUNCT	Z		.	punct	38
5.3	0	(	PUNCT	Df		(	dep	2
5.3	1	(	PUNCT	Df		(	dep	0
5.3	2	3	ADV	Df		3	advmod	12
5.3	3	)	ADV	Z		)	discourse	2
5.3	4	)	ADV	Z		)	dep	2
5.3	5	καὶ	CCONJ	C-		καί	advmod	6
5.3	6	μὰν	ADV	Df		μήν	advmod	2
5.3	7	καὶ	ADV	Df		καί	advmod	10
5.3	8	τὸ	DET	S-	Case=Nom|Definite=Def|Gender=Neut|Number=Sing|PronType=Dem	ὁ	det	10
5.3	9	αὐτὸ	DET	Pd	Case=Nom|Gender=Neut|Number=Sing	αὐτός	det	10
5.3	10	πρᾶγμα	NOUN	Nb	Case=Nom|Gender=Neut|Number=Sing	πρᾶγμα	nsubj	12
5.3	11	καὶ	CCONJ	C-		καί	cc	12
5.3	12	μέζον	ADJ	A-	Case=Nom|Degree=Cmp|Gender=Neut|Number=Sing	μέγας	ROOT	12
5.3	13	καὶ	CCONJ	C-		καί	cc	12
5.3	14	μῆιόν	ADV	A-	Polarity=Neg	μῆιος	conj	12
5.3	15	ἐστι	AUX	V-	Mood=Ind|Number=Sing|Person=3|Tense=Pres|VerbForm=Fin|Voice=Act	εἰμί	cop	12
5.3	16	καὶ	CCONJ	C-		καί	cc	17
5.3	17	πλέον	ADJ	A-	Case=Nom|Degree=Cmp|Gender=Neut|Number=Sing	πολύς	conj	12
5.3	18	καὶ	CCONJ	C-		καί	cc	17
5.3	19	ἔλασσον	ADJ	A-	Case=Nom|Degree=Cmp|Gender=Neut|Number=Sing	ἐλάσσων	conj	17
5.3	20	καὶ	CCONJ	C-		καί	cc	17
5.3	21	βαρύτερον	ADJ	A-	Case=Nom|Degree=Cmp|Gender=Neut|Number=Sing	βαρύς	conj	17
5.3	22	καὶ	CCONJ	C-		καί	cc	17
5.3	23	κουφότερον	ADJ	A-	Case=Nom|Degree=Cmp|Gender=Neut|Number=Sing	κουφότερος	conj	17
5.3	24	.	PUNCT	Z		.	punct	12
5.3	25	οὕτω	ADV	Df		οὕτως	advmod	28
5.3	26	γάρ	ADV	Df		γάρ	discourse	28
5.3	27	ἐντι	AUX	V-	Mood=Ind|Number=Sing|Person=3|Tense=Pres|VerbForm=Fin|Voice=Act	εἰμί	cop	28
5.3	28	ταὐτὰ	DET	Pd	Case=Nom|Gender=Neut|Number=Plur	αὐτός	ROOT	28
5.3	29	πάντα	DET	Px	Case=Nom|Gender=Neut|Number=Plur	πᾶς	det	28
5.3	30	.	PUNCT	Z		.	punct	28
5.4	0	(	PUNCT	C-		(	dep	1
5.4	1	(	PUNCT	Pk		(	obl	8
5.4	2	4	ADV	Df		4	dep	1
5.4	3	)	ADV	Z		)	discourse	2
5.4	4	)	ADV	Z		)	dep	1
5.4	5	τὸ	DET	S-	Case=Nom|Definite=Def|Gender=Neut|Number=Sing|PronType=Dem	ὁ	det	6
5.4	6	τάλαντόν	NOUN	Nb	Case=Nom|Gender=Neut|Number=Sing	τάλαντον	nsubj	8
5.4	7	ἐστι	AUX	V-	Mood=Ind|Number=Sing|Person=3|Tense=Pres|VerbForm=Fin|Voice=Act	εἰμί	cop	8
5.4	8	βαρύτερον	ADJ	A-	Case=Nom|Degree=Cmp|Gender=Neut|Number=Sing	βαρύς	ROOT	8
5.4	9	τῆς	DET	S-	Case=Gen|Definite=Def|Gender=Fem|Number=Sing|PronType=Dem	ὁ	det	10
5.4	10	μνᾶς	NOUN	Nb	Case=Gen|Gender=Fem|Number=Sing	μνᾶ	iobj	8
5.4	11	,	PUNCT	Z		,	punct	8
5.4	12	καὶ	CCONJ	C-		καί	cc	13
5.4	13	κουφότερον	ADJ	A-	Case=Nom|Degree=Cmp|Gender=Neut|Number=Sing	κοῦφος	ROOT	13
5.4	14	τῶν	DET	S-	Case=Gen|Definite=Def|Gender=Neut|Number=Plur|PronType=Dem	ὁ	det	16
5.4	15	δύο	NUM	Ma		δύο	nummod	16
5.4	16	ταλάντων	NOUN	Nb	Case=Gen|Gender=Neut|Number=Plur	τάλαντον	iobj	13
5.4	17	·	PUNCT	Z		·	punct	13
5.4	18	τωὐτὸν	ADJ	Pd	Case=Nom|Gender=Neut|Number=Sing	τωὐτός	nsubj	21
5.4	19	ἄρα	ADV	Df		ἆρα	discourse	21
5.4	20	καὶ	CCONJ	C-		καί	cc	21
5.4	21	κουφότερον	ADJ	A-	Case=Nom|Degree=Cmp|Gender=Neut|Number=Sing	κοῦφος	ROOT	21
5.4	22	καὶ	CCONJ	C-		καί	cc	21
5.4	23	βαρύτερον	ADJ	A-	Case=Nom|Degree=Cmp|Gender=Neut|Number=Sing	βαρύς	conj	21
5.4	24	.	PUNCT	Z		.	punct	21
5.4	25	*	ADV	Df		*	ROOT	25
5.4	26	*	DET	Pr	Case=Gen|Definite=Def|Gender=Fem|Number=Plur|PronType=Dem	*	obl	28
5.4	27	*	NOUN	Pr	Case=Gen|Gender=Fem|Number=Plur	*	fixed	26
5.4	28	[	PUNCT	Nb		[	ROOT	28
5.4	29	s.	PUNCT	Z		s.	punct	28
5.4	30	S.	PUNCT	Z		S.	punct	28
5.4	31	(	PUNCT	C-		(	cc	32
5.4	32	643	ADV	Df		643	ROOT	32
5.4	33	)	ADV	Z		)	discourse	32
5.4	34	,	PUNCT	Z		,	punct	32
5.4	35	(	PUNCT	Df		(	advmod	36
5.4	36	16)f.	ADV	Df		16)f.	punct	32
5.4	37	]	ADV	Z		]	ROOT	37
5.4	38	.	PUNCT	Z		.	punct	37
5.5	0	(	PUNCT	Pp		(	ROOT	0
5.5	1	(	PUNCT	Pk	Case=Nom|Gender=Masc|Number=Sing	(	nsubj	6
5.5	2	5	ADV	Df		5	discourse	1
5.5	3	)	ADV	Z		)	discourse	2
5.5	4	)	ADV	Z		)	dep	1
5.5	5	καὶ	CCONJ	C-		καί	cc	6
5.5	6	ζώει	VERB	V-	Mood=Ind|Number=Sing|Person=3|Tense=Pres|VerbForm=Fin|Voice=Act	ζήω	ROOT	6
5.5	7	ὁ	DET	S-	Case=Nom|Definite=Def|Gender=Masc|Number=Sing|PronType=Dem	ὁ	det	9
5.5	8	αὐτὸς	DET	Pd	Case=Nom|Gender=Masc|Number=Sing	αὐτός	det	9
5.5	9	ἄνθρωπος	NOUN	Nb	Case=Nom|Gender=Masc|Number=Sing	ἄνθρωπος	nsubj	6
5.5	10	καὶ	CCONJ	C-		καί	cc	6
5.5	11	οὐ	ADV	Df	Polarity=Neg	οὐ	advmod	12
5.5	12	ζώει	VERB	V-	Mood=Ind|Number=Sing|Person=3|Tense=Pres|VerbForm=Fin|Voice=Act	ζήω	conj	6
5.5	13	,	PUNCT	Z		,	punct	6
5.5	14	καὶ	CCONJ	C-		καί	cc	16
5.5	15	ταὐτὰ	ADJ	Pd	Case=Nom|Gender=Neut|Number=Plur	αὐτός	nsubj	16
5.5	16	ἔστι	AUX	V-	Mood=Ind|Number=Sing|Person=3|Tense=Pres|VerbForm=Fin|Voice=Act	εἰμί	ROOT	16
5.5	17	καὶ	CCONJ	C-		καί	cc	16
5.5	18	οὐκ	ADV	Df	Polarity=Neg	οὐ	advmod	19
5.5	19	ἔστι	AUX	V-	Mood=Ind|Number=Sing|Person=3|Tense=Pres|VerbForm=Fin|Voice=Act	εἰμί	conj	16
5.5	20	·	PUNCT	Z		·	punct	16
5.5	21	τὰ	DET	S-	Case=Nom|Definite=Def|Gender=Neut|Number=Plur|PronType=Dem	ὁ	det	24
5.5	22	γὰρ	ADV	Df		γάρ	discourse	30
5.5	23	τῆιδ	ADJ	Pd	Case=Dat|Gender=Fem|Number=Plur	τῆιδ	nmod	24
5.5	24	’	SCONJ	A-		’	nsubj	30
5.5	25	ἐόντα	AUX	V-	Case=Nom|Gender=Neut|Number=Plur|Tense=Pres|VerbForm=Part|Voice=Act	εἰμί	cop	28
5.5	26	ἐν	ADP	R-		ἐν	case	28
5.5	27	τᾶι	DET	S-	Case=Dat|Definite=Def|Gender=Fem|Number=Plur|PronType=Dem	ὁ	det	28
5.5	28	Λιβύαι	PROPN	Ne	Case=Dat|Gender=Fem|Number=Plur	Λιβύαι	nmod	24
5.5	29	οὐκ	ADV	Df	Polarity=Neg	οὐ	advmod	30
5.5	30	ἔστιν	AUX	V-	Mood=Ind|Number=Sing|Person=3|Tense=Pres|VerbForm=Fin|Voice=Act	εἰμί	ROOT	30
5.5	31	,	PUNCT	Z		,	punct	30
5.5	32	οὐδέ	CCONJ	C-		οὐδέ	ROOT	32
5.5	33	γε	ADV	Df		γε	discourse	36
5.5	34	τὰ	DET	S-	Case=Nom|Definite=Def|Gender=Neut|Number=Plur|PronType=Dem	ὁ	det	36
5.5	35	ἐν	ADP	R-		ἐν	case	36
5.5	36	Λιβύαι	PROPN	Ne	Case=Dat|Gender=Fem|Number=Sing	Λιβύαι	ROOT	36
5.5	37	ἐν	ADP	R-		ἐν	case	38
5.5	38	Κύπρωι	PROPN	Ne	Case=Dat|Gender=Fem|Number=Sing	Κύπρωι	orphan	36
5.5	39	.	PUNCT	Z		.	ROOT	39
5.5	40	καὶ	CCONJ	C-		καί	ROOT	40
5.5	41	τἆ	ADJ	Px	Case=Nom|Gender=Neut|Number=Plur	τἆ	nsubj	40
5.5	42	λλα	ADJ	Px	Case=Nom|Gender=Neut|Number=Plur	λλα	nsubj	40
5.5	43	κατὰ	ADP	R-		κατά	case	46
5.5	44	τὸν	DET	S-	Case=Acc|Definite=Def|Gender=Masc|Number=Sing|PronType=Dem	ὁ	det	46
5.5	45	αὐτὸν	DET	Pd	Case=Acc|Gender=Masc|Number=Sing	αὐτός	det	46
5.5	46	λόγον	NOUN	Nb	Case=Acc|Gender=Masc|Number=Sing	λόγος	obl	40
5.5	47	.	PUNCT	Z		.	punct	40
5.5	48	οὐκῶν	ADV	Df		οὐκοῦν	advmod	50
5.5	49	καὶ	CCONJ	C-		καί	cc	50
5.5	50	ἐντὶ	AUX	V-	Mood=Ind|Number=Plur|Person=3|Tense=Pres|VerbForm=Fin|Voice=Act	εἰμί	ROOT	50
5.5	51	τὰ	DET	S-	Case=Nom|Definite=Def|Gender=Neut|Number=Plur|PronType=Dem	ὁ	det	52
5.5	52	πράγματα	NOUN	Nb	Case=Nom|Gender=Neut|Number=Plur	πρᾶγμα	nsubj	50
5.5	53	καὶ	CCONJ	C-		καί	cc	50
5.5	54	οὐκ	ADV	Df	Polarity=Neg	οὐ	advmod	55
5.5	55	ἐντί	AUX	V-	Mood=Ind|Number=Plur|Person=3|Tense=Pres|VerbForm=Fin|Voice=Act	εἰμί	conj	50
5.5	56	.	PUNCT	Z		.	punct	50
5.5	57	’	CCONJ	A-		’	ROOT	57
5.6	0	(	PUNCT	Pp		(	dep	7
5.6	1	(	PUNCT	Pp	Case=Nom|Gender=Masc|Number=Sing|PronType=Rel	(	case	0
5.6	2	6	ADV	Df		6	discourse	0
5.6	3	)	ADV	Z		)	discourse	0
5.6	4	)	ADV	Z		)	discourse	0
5.6	5	τοὶ	PRON	S-	Case=Dat|Gender=Masc|Number=Sing|Person=2|PronType=Prs	σύ	det	7
5.6	6	τῆνα	ADJ	Pd	Case=Acc|Gender=Neut|Number=Plur	τήν	obj	7
5.6	7	λέγοντες	VERB	V-	Case=Nom|Gender=Masc|Number=Plur|Tense=Pres|VerbForm=Part|Voice=Act	λέγω	ROOT	7
5.6	8	,	PUNCT	Z		,	cc	6
5.6	9	τὼς	ADV	Df		τώς	det	10
5.6	10	μαινομένως	ADV	V-	Degree=Pos	μαινομένως	ROOT	10
5.6	11	καὶ	CCONJ	C-		καί	cc	10
5.6	12	〈	ADV	Df		〈	conj	10
5.6	13	τὼς	ADV	Df		τώς	det	14
5.6	14	σωφρονοῦντας	VERB	V-	Case=Acc|Gender=Masc|Number=Plur|Tense=Pres|VerbForm=Part|Voice=Act	σωφρονέω	conj	12
5.6	15	καὶ	CCONJ	C-		καί	cc	12
5.6	16	〉	ADV	Df		〉	conj	12
5.6	17	τὼς	ADV	Df		τώς	advmod	18
5.6	18	σοφὼς	ADV	Df	Degree=Pos	σοφὼς	advmod	16
5.6	19	καὶ	CCONJ	C-		καί	cc	16
5.6	20	τὼς	ADV	Df		τώς	det	21
5.6	21	ἀμαθεῖς	ADJ	A-	Case=Acc|Degree=Pos|Gender=Masc|Number=Plur	ἀμαθής	conj	16
5.6	22	τωὐτὰ	DET	S-	Case=Acc|Definite=Def|Gender=Neut|Number=Plur|PronType=Dem	τωὐτός	obl	23
5.6	23	διαπράσσεσθαι	VERB	V-	Tense=Pres|VerbForm=Inf|Voice=Pass	διαπράσσω	conj	10
5.6	24	καὶ	CCONJ	C-		καί	cc	23
5.6	25	λέγεν	VERB	V-	Tense=Pres|VerbForm=Inf|Voice=Act	λέγα	conj	23
5.6	26	,	PUNCT	Z		,	ROOT	26
5.6	27	καὶ	CCONJ	C-		καί	cc	30
5.6	28	τἆ	DET	Px	Case=Acc|Gender=Neut|Number=Plur	τἆ	det	30
5.6	29	λλα	DET	Px	Case=Acc|Gender=Neut|Number=Plur	λλα	det	30
5.6	30	〈	CCONJ	C-		〈	ROOT	30
5.6	31	τὰ	DET	S-	Case=Acc|Definite=Def|Gender=Neut|Number=Plur|PronType=Dem	ὁ	det	33
5.6	32	〉	ADV	Df		〉	iobj	33
5.6	33	ἑπόμενα	VERB	V-	Case=Acc|Gender=Neut|Number=Plur|Tense=Pres|VerbForm=Part|Voice=Mid	ἕπομαι	nmod	30
5.6	34	τῶι	DET	S-	Case=Dat|Definite=Def|Gender=Masc|Number=Sing|PronType=Dem	τῷ	det	35
5.6	35	λόγωι	NOUN	Nb	Case=Dat|Gender=Masc|Number=Sing	λόγωι	iobj	33
5.6	36	,	PUNCT	Z		,	ROOT	36
5.6	37	οὐκ	ADV	Df	Polarity=Neg	οὐ	advmod	39
5.6	38	ὀρθῶς	ADV	Df	Degree=Pos	ὀρθῶς	advmod	39
5.6	39	λέγοντι	VERB	V-	Case=Dat|Gender=Masc|Number=Sing|Tense=Pres|VerbForm=Part|Voice=Act	λέγω	ROOT	39
5.6	40	.	PUNCT	Z		.	punct	39
5.7	0	(	PUNCT	R-		(	dep	1
5.7	1	(	PUNCT	Pp		(	cc	10
5.7	2	7	ADV	Df		7	discourse	1
5.7	3	)	ADV	Z		)	dep	2
5.7	4	)	ADV	Z		)	dep	1
5.7	5	αἰ	DET	S-	Case=Nom|Definite=Def|Gender=Fem|Number=Plur|PronType=Dem	εἰ	nsubj	9
5.7	6	γάρ	ADV	Df		γάρ	discourse	9
5.7	7	τις	ADJ	Px	Case=Nom|Gender=Masc|Number=Sing	τίς	nsubj	9
5.7	8	αὐτὼς	ADV	Df		αὐτός	advmod	9
5.7	9	ἐρωτάσαι	VERB	V-	Aspect=Perf|Case=Nom|Gender=Fem|Number=Plur|Tense=Past|VerbForm=Part|Voice=Act	ἐρωτάζω	acl	10
5.7	10	,	PUNCT	Z		,	ROOT	10
5.7	11	αἰ	PRON	Pr	Case=Nom|Gender=Fem|Number=Plur|PronType=Rel	εἰ	nsubj	12
5.7	12	διαφέρει	VERB	V-	Mood=Ind|Number=Sing|Person=3|Tense=Pres|VerbForm=Fin|Voice=Act	διαφέρω	acl	10
5.7	13	μανία	NOUN	Nb	Case=Nom|Gender=Fem|Number=Sing	μανία	nsubj	12
5.7	14	σωφροσύνης	NOUN	Nb	Case=Gen|Gender=Fem|Number=Sing	σωφροσύνη	iobj	12
5.7	15	καὶ	CCONJ	C-		καί	cc	14
5.7	16	σοφία	NOUN	Nb	Case=Nom|Gender=Fem|Number=Sing	σοφία	conj	14
5.7	17	ἀμαθίης	NOUN	Nb	Case=Gen|Gender=Fem|Number=Sing	ἀμαθία	nmod	16
5.7	18	,	PUNCT	Z		,	ROOT	18
5.7	19	φαντί	VERB	V-	Aspect=Perf|Case=Dat|Gender=Masc|Number=Sing|Tense=Past|VerbForm=Part|Voice=Act	φαντί	ROOT	19
5.7	20	[	PUNCT	Df		[	advmod	19
5.7	21	ναί].	INTJ	I-		ναί].	xcomp	19
5.8	0	(	PUNCT	Df		(	dep	1
5.8	1	(	PUNCT	Df		(	ROOT	1
5.8	2	8)	ADV	Df		8)	discourse	1
5.8	3	)	ADV	Z		)	dep	1
5.8	4	εὖ	ADV	Df		εὖ	advmod	11
5.8	5	γὰρ	ADV	Df		γάρ	discourse	11
5.8	6	καὶ	CCONJ	C-		καί	dep	11
5.8	7	ἐξ	ADP	R-		ἐκ	case	8
5.8	8	ὧν	PRON	Pr	Case=Gen|Gender=Neut|Number=Plur|PronType=Rel	ὅς	obl	9
5.8	9	πράσσοντι	VERB	V-	Case=Dat|Gender=Masc|Number=Sing|Tense=Pres|VerbForm=Part|Voice=Act	πράσσω	dep	11
5.8	10	ἑκάτεροι	ADJ	A-	Case=Nom|Degree=Pos|Gender=Masc|Number=Plur	ἑκάτερος	nsubj	9
5.8	11	δᾶλοί	ADJ	A-	Case=Nom|Degree=Pos|Gender=Masc|Number=Plur	δᾶλός	conj	1
5.8	12	ἐντι	AUX	V-	Mood=Ind|Number=Plur|Person=3|Tense=Pres|VerbForm=Fin|Voice=Act	εἰμί	cop	11
5.8	13	,	PUNCT	Z	Polarity=Neg	,	punct	1
5.8	14	ὡς	ADV	Df		ὡς	advmod	15
5.8	15	ὁμολογησοῦντι	VERB	V-	Mood=Ind|Number=Plur|Person=3|Tense=Fut|VerbForm=Fin|Voice=Act	ὁμολογησοῦ	ROOT	15
5.8	16	.	PUNCT	Z		.	punct	15
5.8	17	οὐκῶν	ADV	Df		οὐκοῦν	advmod	20
5.8	18	αἰ	SCONJ	G-		εἰ	mark	20
5.8	19	ταὐτὰ	ADJ	Pd	Case=Acc|Gender=Neut|Number=Plur	αὐτός	obj	20
5.8	20	πράσσοντι	VERB	V-	Mood=Ind|Number=Plur|Person=3|Tense=Pres|VerbForm=Fin|Voice=Act	πράσσω	advcl	21
5.8	21	,	PUNCT	Z	Polarity=Neg	,	advmod	25
5.8	22	καὶ	CCONJ	C-		καί	cc	25
5.8	23	τοὶ	PRON	Pp	Case=Dat|Gender=Masc|Number=Sing|Person=2|PronType=Prs	σύ	obl	25
5.8	24	σοφοὶ	ADJ	A-	Case=Nom|Degree=Pos|Gender=Masc|Number=Plur	σοφός	nsubj	25
5.8	25	μαίνονται	VERB	V-	Mood=Ind|Number=Plur|Person=3|Tense=Pres|VerbForm=Fin|Voice=Mid	μαίνομαι	ROOT	25
5.8	26	,	PUNCT	Z		,	parataxis	25
5.8	27	καὶ	CCONJ	C-		καί	ROOT	27
5.8	28	τοὶ	PRON	Pp	Case=Dat|Gender=Masc|Number=Sing|Person=2|PronType=Prs	σύ	obl	30
5.8	29	μαινόμενοι	VERB	V-	Case=Nom|Gender=Masc|Number=Plur|Tense=Pres|VerbForm=Part|Voice=Mid	μαίνομαι	nsubj	30
5.8	30	σοφοί	ADJ	A-	Case=Nom|Degree=Pos|Gender=Masc|Number=Plur	σοφός	ROOT	30
5.8	31	,	PUNCT	Z	Polarity=Neg	,	cop	30
5.8	32	καὶ	CCONJ	C-		καί	cc	30
5.8	33	πάντα	ADJ	Px	Case=Acc|Gender=Neut|Number=Plur	πᾶς	obj	34
5.8	34	συνταράσσονται	VERB	V-	Mood=Ind|Number=Plur|Person=3|Tense=Pres|VerbForm=Fin|Voice=Mid	συνταράσσω	conj	30
5.8	35	.	PUNCT	Z		.	punct	30
5.9	0	(	PUNCT	Pp		(	dep	1
5.9	1	(	PUNCT	Pp	Case=Nom|Gender=Masc|Number=Sing|PronType=Rel	(	discourse	6
5.9	2	9	ADV	Df		9	discourse	6
5.9	3	)	ADV	Z		)	discourse	2
5.9	4	)	ADV	Z		)	discourse	2
5.9	5	καὶ	CCONJ	C-		καί	cc	6
5.9	6	ἐπακτέος	ADJ	A-	Case=Nom|Degree=Pos|Gender=Masc|Number=Sing	ἐπακτέος	ROOT	6
5.9	7	ὁ	DET	S-	Case=Nom|Definite=Def|Gender=Masc|Number=Sing|PronType=Dem	ὁ	det	8
5.9	8	λόγος	NOUN	Nb	Case=Nom|Gender=Masc|Number=Sing	λόγος	nsubj	6
5.9	9	,	PUNCT	Z		,	punct	6
5.9	10	πότερον	ADV	Du	PronType=Int	πότερον	mark	16
5.9	11	ὧν	ADV	Df		ὅς	discourse	16
5.9	12	ἐν	ADP	R-		ἐν	case	13
5.9	13	δέοντι	ADJ	A-	Case=Dat|Degree=Pos|Gender=Neut|Number=Sing	δεῖ	advmod	16
5.9	14	τοὶ	PRON	Pp	Case=Dat|Gender=Masc|Number=Sing|Person=2|PronType=Prs	σύ	obl	16
5.9	15	σωφρονοῦντες	VERB	V-	Case=Nom|Gender=Masc|Number=Plur|Tense=Pres|VerbForm=Part|Voice=Act	σωφρονέω	nsubj	16
5.9	16	λέγοντι	VERB	V-	Case=Dat|Gender=Masc|Number=Sing|Tense=Pres|VerbForm=Part|Voice=Act	λέγω	ROOT	16
5.9	17	ἢ	CCONJ	C-		ἤ	cc	16
5.9	18	τοὶ	PRON	Pp	Case=Dat|Gender=Masc|Number=Sing|Person=2|PronType=Prs	σύ	obl	19
5.9	19	μαινόμενοι	VERB	V-	Case=Nom|Gender=Masc|Number=Plur|Tense=Pres|VerbForm=Part|Voice=Mid	μαίνομαι	conj	16
5.9	20	.	PUNCT	Z		.	punct	16
5.9	21	ἀλλὰ	CCONJ	C-		ἀλλά	cc	23
5.9	22	γάρ	ADV	Df		γάρ	discourse	23
5.9	23	φαντι	VERB	V-	Aspect=Perf|Case=Dat|Gender=Masc|Number=Sing|Tense=Past|VerbForm=Part|Voice=Act	φαις	advcl	24
5.9	24	,	PUNCT	Z		,	ROOT	24
5.9	25	ὡς	SCONJ	Df		ὡς	advmod	28
5.9	26	ταὐτὰ	ADJ	Pd	Case=Acc|Gender=Neut|Number=Plur	αὐτός	obj	28
5.9	27	μὲν	ADV	Df		μέν	discourse	28
5.9	28	λέγοντι	VERB	V-	Case=Dat|Gender=Masc|Number=Sing|Tense=Pres|VerbForm=Part|Voice=Act	λέγω	ROOT	28
5.9	29	,	PUNCT	Z	Polarity=Neg	,	conj	28
5.9	30	ὅταν	ADV	Dq	PronType=Rel	ὅταν	advmod	33
5.9	31	τις	ADJ	Px	Case=Nom|Gender=Masc|Number=Sing	τίς	nsubj	33
5.9	32	αὐτὼς	ADV	Df		αὐτός	advmod	33
5.9	33	ἐρωτῆι	VERB	V-	Mood=Sub|Number=Sing|Person=3|Tense=Pres|VerbForm=Fin|Voice=Act	ἐρωτῆι	advcl	29
5.9	34	.	PUNCT	Z		.	punct	28
5.9	35	ἀλλὰ	CCONJ	C-		ἀλλά	cc	38
5.9	36	τοὶ	PRON	Pp	Case=Dat|Gender=Masc|Number=Sing|Person=2|PronType=Prs	σύ	obl	38
5.9	37	μὲν	ADV	Df		μέν	discourse	38
5.9	38	σοφοὶ	ADJ	A-	Case=Nom|Degree=Pos|Gender=Masc|Number=Plur	σοφός	ROOT	38
5.9	39	ἐν	ADP	R-		ἐν	case	41
5.9	40	τῶι	DET	S-	Case=Dat|Definite=Def|Gender=Neut|Number=Sing|PronType=Dem	τῷ	det	41
5.9	41	δέοντι	ADJ	A-	Case=Dat|Degree=Pos|Gender=Neut|Number=Sing	δεῖ	advmod	38
5.9	42	,	PUNCT	Z		,	punct	38
5.9	43	τοὶ	PRON	Pp	Case=Dat|Gender=Masc|Number=Sing|Person=2|PronType=Prs	σύ	det	45
5.9	44	δὲ	ADV	Df		δέ	discourse	45
5.9	45	μαινόμενοι	VERB	V-	Case=Nom|Gender=Masc|Number=Plur|Tense=Pres|VerbForm=Part|Voice=Mid	μαίνομαι	ROOT	45
5.9	46	ἇι	SCONJ	G-		ἇι	mark	48
5.9	47	οὐ	ADV	Df	Polarity=Neg	οὐ	advmod	48
5.9	48	δεῖ	VERB	V-	Mood=Ind|Number=Sing|Person=3|Tense=Pres|VerbForm=Fin|Voice=Act	δεῖ	orphan	45
5.9	49	·	PUNCT	Z		·	punct	45
5.10	0	(	PUNCT	R-		(	dep	19
5.10	1	(	PUNCT	Pp		(	dep	0
5.10	2	10	ADV	Df		10	conj	0
5.10	3	)	ADV	Z		)	discourse	2
5.10	4	)	ADV	Z		)	dep	2
5.10	5	καὶ	CCONJ	C-		καί	cc	7
5.10	6	τοῦτο	ADJ	Pd	Case=Acc|Gender=Neut|Number=Sing	οὗτος	obj	7
5.10	7	λέγοντες	VERB	V-	Case=Nom|Gender=Masc|Number=Plur|Tense=Pres|VerbForm=Part|Voice=Act	λέγω	advcl	8
5.10	8	δοκοῦντι	VERB	V-	Mood=Ind|Number=Plur|Person=3|Tense=Pres|VerbForm=Fin|Voice=Act	δοκέω	conj	2
5.10	9	μικρὸν	ADJ	A-	Case=Acc|Degree=Pos|Gender=Neut|Number=Sing	μικρός	advmod	10
5.10	10	ποτιθῆναι	VERB	V-	Aspect=Perf|Tense=Past|VerbForm=Inf|Voice=Pass	ποτιθαίνω	xcomp	8
5.10	11	〈	ADP	R-		〈	nsubj:pass	10
5.10	12	τὸ	DET	S-	Case=Acc|Definite=Def|Gender=Neut|Number=Sing|PronType=Dem	ὁ	det	13
5.10	13	〉	NOUN	Nb	Case=Acc|Gender=Neut|Number=Sing	〉	nsubj:pass	10
5.10	14	ἇι	PRON	Pr	Case=Nom|Gender=Fem|Number=Plur|PronType=Rel	ἇι	mark	15
5.10	15	δεῖ	VERB	V-	Mood=Ind|Number=Sing|Person=3|Tense=Pres|VerbForm=Fin|Voice=Act	δεῖ	acl	13
5.10	16	καὶ	CCONJ	C-		καί	cc	15
5.10	17	μὴ	ADV	Df	Polarity=Neg	μή	advmod	18
5.10	18	δεῖ	VERB	V-	Mood=Ind|Number=Sing|Person=3|Tense=Pres|VerbForm=Fin|Voice=Act	δεῖ	conj	15
5.10	19	,	PUNCT	Z		,	ROOT	19
5.10	20	ὥστε	SCONJ	G-		ὥστε	mark	23
5.10	21	μηκέτι	ADV	Df	Polarity=Neg	μηκέτι	advmod	23
5.10	22	τὸ	DET	S-	Case=Acc|Definite=Def|Gender=Neut|Number=Sing|PronType=Dem	ὁ	det	23
5.10	23	αὐτὸ	ADJ	Pd	Case=Acc|Gender=Neut|Number=Sing	αὐτός	advcl	19
5.10	24	ἦμεν	AUX	V-	Tense=Pres|VerbForm=Inf|Voice=Act	εἰμί	cop	23
5.10	25	.	PUNCT	Z		.	punct	23
5.11	0	(	PUNCT	Df		(	ROOT	0
5.11	1	(	PUNCT	Df		(	xcomp	12
5.11	2	11	ADV	Df		11	discourse	1
5.11	3	)	ADV	Z		)	dep	1
5.11	4	)	CCONJ	Z		)	case	1
5.11	5	ἐγὼ	PRON	Pp	Case=Nom|Gender=Masc|Number=Sing|Person=1|PronType=Prs	ἐγώ	nsubj	12
5.11	6	δὲ	ADV	Df		δέ	discourse	12
5.11	7	οὐ	ADV	Df	Polarity=Neg	οὐ	advmod	8
5.11	8	πράγματος	NOUN	Nb	Case=Gen|Gender=Neut|Number=Sing	πρᾶγμα	nsubj:pass	11
5.11	9	τοσοῦτον	ADJ	Pd	Case=Acc|Gender=Neut|Number=Sing	τοσοῦτος	obl	10
5.11	10	ποτιτεθέντος	VERB	V-	Aspect=Perf|Case=Gen|Gender=Neut|Number=Sing|Tense=Past|VerbForm=Part|Voice=Pass	ποτιτεθέντος	acl	8
5.11	11	ἀλλοιοῦσθαι	VERB	V-	Tense=Pres|VerbForm=Inf|Voice=Pass	ἀλλοιόω	xcomp	12
5.11	12	δοκῶ	VERB	V-	Mood=Ind|Number=Sing|Person=1|Tense=Pres|VerbForm=Fin|Voice=Act	δοκέω	ROOT	12
5.11	13	τὰ	DET	S-	Case=Acc|Definite=Def|Gender=Neut|Number=Plur|PronType=Dem	ὁ	det	14
5.11	14	πράγματα	NOUN	Nb	Case=Acc|Gender=Neut|Number=Plur	πρᾶγμα	dep	12
5.11	15	,	PUNCT	Z		,	dep	12
5.11	16	ἀλλ’	CCONJ	C-		ἀλλ’	dep	12
5.11	17	ἁρμονίας	NOUN	Nb	Case=Gen|Gender=Fem|Number=Sing	ἁρμονία	dep	12
5.11	18	διαλλαγείσας	VERB	V-	Aspect=Perf|Case=Acc|Gender=Fem|Number=Plur|Tense=Past|VerbForm=Part|Voice=Pass	διαλλαγείω	acl	17
5.11	19	·	PUNCT	Z		·	punct	12
5.11	20	ὥσπερ	ADV	Df		ὥσπερ	ROOT	20
5.11	21	Γλαῦκος	PROPN	Ne	Case=Nom|Gender=Masc|Number=Sing	Γλαῦκος	nsubj	20
5.11	22	καὶ	CCONJ	C-		καί	cc	21
5.11	23	γλαυκός	PROPN	Ne	Case=Nom|Gender=Masc|Number=Sing	γλαυκός	conj	21
5.11	24	καὶ	CCONJ	C-		καί	cc	21
5.11	25	Ξάνθος	PROPN	Ne	Case=Nom|Gender=Masc|Number=Sing	Ξάνθος	conj	21
5.11	26	καὶ	CCONJ	C-		καί	cc	21
5.11	27	ξανθός	PROPN	Ne	Case=Nom|Gender=Masc|Number=Sing	ξανθός	conj	21
5.11	28	καὶ	CCONJ	C-		καί	cc	21
5.11	29	Ξοῦθος	PROPN	Ne	Case=Nom|Gender=Masc|Number=Sing	Ξοῦθος	conj	21
5.11	30	καὶ	CCONJ	C-		καί	cc	21
5.11	31	ξουθός	PROPN	Ne	Case=Nom|Gender=Masc|Number=Sing	σουθός	conj	21
5.11	32	.	PUNCT	Z		.	punct	20
5.12	0	(	PUNCT	Df		(	dep	1
5.12	1	(	PUNCT	Df		(	ROOT	1
5.12	2	12	ADV	Df		12	obj	10
5.12	3	)	ADV	Z		)	dep	2
5.12	4	)	ADV	Z		)	cc	10
5.12	5	ταῦτα	ADJ	Pd	Case=Acc|Gender=Neut|Number=Plur	οὗτος	obj	10
5.12	6	μὲν	ADV	Df		μέν	discourse	10
5.12	7	τὴν	DET	S-	Case=Acc|Definite=Def|Gender=Fem|Number=Sing|PronType=Dem	ὁ	det	8
5.12	8	ἁρμονίαν	NOUN	Nb	Case=Acc|Gender=Fem|Number=Sing	ἁρμονία	obj	9
5.12	9	ἀλλάξαντα	VERB	V-	Aspect=Perf|Case=Acc|Gender=Neut|Number=Plur|Tense=Past|VerbForm=Part|Voice=Act	ἀλλάξας	advcl	10
5.12	10	διήνεικαν	VERB	V-	Aspect=Perf|Mood=Ind|Number=Plur|Person=3|Tense=Past|VerbForm=Fin|Voice=Act	διήνεικαν	ROOT	10
5.12	11	,	PUNCT	Z		,	appos	10
5.12	12	τὰ	DET	S-	Case=Nom|Definite=Def|Gender=Neut|Number=Plur|PronType=Dem	ὁ	det	17
5.12	13	δὲ	ADV	Df		δέ	discourse	17
5.12	14	μακρῶς	ADV	Df	Degree=Pos	μακρός	advmod	17
5.12	15	καὶ	CCONJ	C-		καί	cc	14
5.12	16	βραχυτέρως	ADV	Df	Degree=Cmp	βραχύς	conj	14
5.12	17	ῥηθέντα	VERB	V-	Aspect=Perf|Case=Nom|Gender=Neut|Number=Sing|Tense=Past|VerbForm=Part|Voice=Pass	λέγω	conj	10
5.12	18	,	PUNCT	Z		,	punct	10
5.12	19	Τύρος	NOUN	Nb	Case=Nom|Gender=Masc|Number=Sing	Τύρος	ROOT	19
5.12	20	καὶ	CCONJ	C-		καί	cc	19
5.12	21	τυρός	NOUN	Nb	Case=Nom|Gender=Masc|Number=Sing	τυρός	conj	19
5.12	22	,	PUNCT	Z		,	cc	19
5.12	23	σάκος	NOUN	Nb	Case=Nom|Gender=Neut|Number=Sing	σάκος	conj	19
5.12	24	καὶ	CCONJ	C-		καί	cc	23
5.12	25	σακός	NOUN	Nb	Case=Nom|Gender=Neut|Number=Sing	σακός	conj	23
5.12	26	,	PUNCT	Z		,	conj	19
5.12	27	ἅτερα	ADJ	A-	Case=Acc|Degree=Pos|Gender=Neut|Number=Plur	ἅτερος	amod	29
5.12	28	δὲ	ADV	Df		δέ	discourse	29
5.12	29	γράμματα	NOUN	Nb	Case=Acc|Gender=Neut|Number=Plur	γράμμα	conj	19
5.12	30	διαλλάξαντα	VERB	V-	Aspect=Perf|Case=Acc|Gender=Neut|Number=Plur|Tense=Past|VerbForm=Part|Voice=Act	διαλλάξαντα	acl	29
5.12	31	·	PUNCT	Z		·	punct	19
5.12	32	κάρτος	NOUN	Nb	Case=Nom|Gender=Masc|Number=Sing	κάρτος	ROOT	32
5.12	33	καὶ	CCONJ	C-		καί	cc	32
5.12	34	κρατός	NOUN	Nb	Case=Nom|Gender=Neut|Number=Sing	κράς	conj	32
5.12	35	ὄνος	NOUN	Nb	Case=Nom|Gender=Masc|Number=Sing	ὄνος	conj	32
5.12	36	καὶ	CCONJ	C-		καί	cc	32
5.12	37	νόος	NOUN	Nb	Case=Nom|Gender=Masc|Number=Sing	νόος	conj	32
5.12	38	.	PUNCT	Z		.	punct	32
5.13	0	(	PUNCT	Df		(	dep	2
5.13	1	(	PUNCT	Df		(	dep	0
5.13	2	13	ADV	Df		13	ROOT	2
5.13	3	)	ADV	Z		)	discourse	2
5.13	4	)	ADV	Z		)	advmod	2
5.13	5	ἐπεὶ	SCONJ	G-		ἐπεί	mark	11
5.13	6	ὧν	ADV	Df		ὅς	discourse	11
5.13	7	οὐκ	ADV	Df	Polarity=Neg	οὐ	advmod	8
5.13	8	ἀφαιρεθέντος	VERB	V-	Aspect=Perf|Case=Gen|Gender=Masc|Number=Sing|Tense=Past|VerbForm=Part|Voice=Pass	ἀφαιρέω	advcl	11
5.13	9	οὐδενὸς	ADJ	Px	Case=Gen|Gender=Masc|Number=Sing	οὐδείς	iobj	11
5.13	10	τοσοῦτον	ADJ	Pd	Case=Acc|Gender=Neut|Number=Sing	τοσοῦτος	obl	11
5.13	11	διαφέρει	VERB	V-	Mood=Ind|Number=Sing|Person=3|Tense=Pres|VerbForm=Fin|Voice=Act	διαφέρω	conj	2
5.13	12	,	PUNCT	Z		,	parataxis	2
5.13	13	τί	PRON	Pi	Case=Nom|Gender=Neut|Number=Sing|PronType=Int	τίς	ROOT	13
5.13	14	δή	ADV	Df		δή	discourse	13
5.13	15	,	PUNCT	Z		,	punct	13
5.13	16	αἴ	PRON	Pr	Case=Nom|Gender=Fem|Number=Plur|PronType=Rel	εἰ	mark	19
5.13	17	τίς	PRON	Px	Case=Nom|Gender=Masc|Number=Sing|PronType=Int	τίς	nsubj	19
5.13	18	τι	PRON	Pi	Case=Acc|Gender=Neut|Number=Sing|PronType=Int	τίς	obj	19
5.13	19	ποτιτίθητι	VERB	V-	Mood=Sub|Number=Sing|Person=3|Tense=Pres|VerbForm=Fin|Voice=Act	ποτιτίθης	ROOT	19
5.13	20	ἢ	CCONJ	C-		ἤ	cc	19
5.13	21	ἀφαιρεῖ	VERB	V-	Mood=Ind|Number=Sing|Person=3|Tense=Pres|VerbForm=Fin|Voice=Act	ἀφαιρέω	conj	19
5.13	22	;	PUNCT	Z		;	cc	19
5.13	23	καὶ	CCONJ	C-		καί	cc	25
5.13	24	τοῦτο	ADJ	Pd	Case=Acc|Gender=Neut|Number=Sing	οὗτος	obj	25
5.13	25	δείξω	VERB	V-	Mood=Ind|Number=Sing|Person=1|Tense=Fut|VerbForm=Fin|Voice=Act	δείκνυμι	conj	19
5.13	26	οἷόν	PRON	Pr	Case=Nom|Gender=Neut|Number=Sing|PronType=Int	οἷος	ccomp	25
5.13	27	ἐστιν	AUX	V-	Mood=Ind|Number=Sing|Person=3|Tense=Pres|VerbForm=Fin|Voice=Act	εἰμί	cop	26
5.13	28	.	PUNCT	Z		.	punct	19
5.14	0	(	PUNCT	Df		(	ROOT	0
5.14	1	(	PUNCT	Pp		(	ROOT	1
5.14	2	14	ADV	Df		14	discourse	1
5.14	3	)	ADV	Z		)	discourse	1
5.14	4	)	ADV	Z		)	discourse	1
5.14	5	αἴ	SCONJ	G-		εἰ	mark	11
5.14	6	τις	ADJ	Px	Case=Nom|Gender=Masc|Number=Sing	τίς	nsubj	11
5.14	7	ἀπὸ	ADP	R-		ἀπό	case	9
5.14	8	τῶν	DET	S-	Case=Gen|Definite=Def|Number=Plur|PronType=Dem	ὁ	det	9
5.14	9	δέκα	NUM	Ma		δέκα	obl	11
5.14	10	ἓν	NUM	Ma	Case=Nom|Gender=Neut|Number=Sing	εἷς	obj	11
5.14	11	ἀφέλοι	VERB	V-	Aspect=Perf|Mood=Opt|Number=Sing|Person=3|Tense=Past|VerbForm=Fin|Voice=Act	ἀφαιρέω	advcl	1
5.14	12	〈	ADV	Df		〈	advmod	11
5.14	13	ἢ	CCONJ	C-		ἤ	cc	11
5.14	14	τοῖς	DET	S-	Case=Dat|Definite=Def|Gender=Masc|Number=Plur|PronType=Dem	ὁ	det	15
5.14	15	δέκα	NUM	Ma		δέκα	obl	17
5.14	16	ἓν	NUM	Ma	Case=Nom|Gender=Neut|Number=Sing	εἷς	nsubj:pass	17
5.14	17	ποτθείη	VERB	V-	Aspect=Perf|Mood=Opt|Number=Sing|Person=3|Tense=Past|VerbForm=Fin|Voice=Pass	ποότ	conj	11
5.14	18	〉	ADV	A-		〉	advmod	11
5.14	19	,	PUNCT	Z	Polarity=Neg	,	ROOT	19
5.14	20	οὔ	ADV	Df	Polarity=Neg	οὐ	advmod	24
5.14	21	κ	ADV	Df		ΑΒΓ	advmod	24
5.14	22	’	NOUN	V-	Case=Voc|Gender=Neut|Number=Sing	’	cop	24
5.14	23	ἔτι	ADV	Df		ἔτι	advmod	24
5.14	24	δέκα	NUM	Ma		δέκα	ROOT	24
5.14	25	οὐδὲ	CCONJ	C-		οὐδέ	cc	24
5.14	26	ἓν	NUM	Ma	Case=Nom|Gender=Neut|Number=Sing	εἷς	conj	24
5.14	27	εἴη	AUX	V-	Mood=Opt|Number=Sing|Person=3|Tense=Pres|VerbForm=Fin|Voice=Act	εἰμί	cop	24
5.14	28	,	PUNCT	Z		,	dep	24
5.14	29	καὶ	CCONJ	C-		καί	cc	24
5.14	30	τἆ	ADJ	Px	Case=Nom|Gender=Neut|Number=Plur	τἆ	nsubj	32
5.14	31	λλα	ADJ	Px	Case=Nom|Gender=Neut|Number=Plur	λλα	nsubj	32
5.14	32	καττωὐτό	AUX	V-	Mood=Opt|Number=Sing|Person=3|Tense=Pres|VerbForm=Fin|Voice=Act	καττωὐτό	conj	24
5.14	33	.	PUNCT	Z		.	punct	24
5.15	0	(	PUNCT	R-		(	case	1
5.15	1	(	PUNCT	R-		(	cc	2
5.15	2	15	ADV	Df		15	ROOT	2
5.15	3	)	CCONJ	Z		)	dep	2
5.15	4	)	CCONJ	Z		)	dep	2
5.15	5	τὸ	DET	S-	Case=Acc|Definite=Def|Gender=Neut|Number=Sing|PronType=Dem	ὁ	det	9
5.15	6	δὲ	ADV	Df		δέ	discourse	9
5.15	7	τὸν	DET	S-	Case=Acc|Definite=Def|Gender=Masc|Number=Sing|PronType=Dem	ὁ	det	9
5.15	8	αὐτὸν	DET	Pd	Case=Acc|Gender=Masc|Number=Sing	αὐτός	det	9
5.15	9	ἄνθρωπον	NOUN	Nb	Case=Acc|Gender=Masc|Number=Sing	ἄνθρωπος	conj	2
5.15	10	καὶ	CCONJ	C-		καί	cc	11
5.15	11	ἦμεν	AUX	V-	Aspect=Imp|Mood=Ind|Number=Plur|Person=1|Tense=Past|VerbForm=Fin|Voice=Act	εἰμί	cop	9
5.15	12	καὶ	CCONJ	C-		καί	cc	9
5.15	13	μὴ	ADV	Df	Polarity=Neg	μή	advmod	14
5.15	14	ἦμεν	AUX	V-	Aspect=Imp|Mood=Ind|Number=Plur|Person=1|Tense=Past|VerbForm=Fin|Voice=Act	εἰμί	conj	9
5.15	15	,	PUNCT	Z		,	punct	2
5.15	16	ἐρωτῶ	VERB	V-	Mood=Ind|Number=Sing|Person=1|Tense=Pres|VerbForm=Fin|Voice=Act	ἐρωτάω	ROOT	16
5.15	17	·	PUNCT	Z		·	punct	16
5.15	18	τὶ	PRON	Pi	Case=Nom|Gender=Neut|Number=Sing|PronType=Int	τίς	ROOT	18
5.15	19	ἢ	CCONJ	C-		ἤ	cc	18
5.15	20	τὰ	DET	S-	Case=Nom|Definite=Def|Gender=Neut|Number=Plur|PronType=Dem	ὁ	det	21
5.15	21	πάντα	ADJ	Px	Case=Nom|Gender=Neut|Number=Plur	πᾶς	nsubj	18
5.15	22	ἔστιν	AUX	V-	Mood=Ind|Number=Sing|Person=3|Tense=Pres|VerbForm=Fin|Voice=Act	εἰμί	cop	18
5.15	23	;	PUNCT	Z		;	punct	18
5.15	24	οὐκῶν	ADV	Df		οὐκοῦν	advmod	28
5.15	25	αἴ	SCONJ	Df		εἰ	mark	28
5.15	26	τις	ADJ	Px	Case=Nom|Gender=Masc|Number=Sing	τίς	nsubj	28
5.15	27	μὴ	ADV	Df	Polarity=Neg	μή	advmod	28
5.15	28	φαίη	VERB	V-	Mood=Opt|Number=Sing|Person=3|Tense=Pres|VerbForm=Fin|Voice=Act	φημί	advcl	30
5.15	29	ἦμεν	AUX	V-	Aspect=Imp|Mood=Ind|Number=Plur|Person=1|Tense=Past|VerbForm=Fin|Voice=Act	εἰμί	cop	28
5.15	30	,	PUNCT	Z		,	ROOT	30
5.15	31	ψεύδεται	VERB	V-	Mood=Ind|Number=Sing|Person=3|Tense=Pres|VerbForm=Fin|Voice=Mid	ψεύδω	ROOT	31
5.15	32	,	PUNCT	Z		,	punct	31
5.15	33	〈	VERB	V-	Aspect=Perf|Case=Nom|Gender=Masc|Number=Sing|Tense=Past|VerbForm=Part|Voice=Act	〈	ROOT	33
5.15	34	τὸ	DET	S-	Case=Acc|Definite=Def|Gender=Neut|Number=Sing|PronType=Dem	ὁ	det	35
5.15	35	τὶ	PRON	Pi	Case=Acc|Gender=Neut|Number=Sing|PronType=Int	τίς	obj	33
5.15	36	καὶ	CCONJ	C-		καί	cc	33
5.15	37	〉	ADV	V-		〉	conj	33
5.15	38	τὰ	DET	S-	Case=Acc|Definite=Def|Gender=Neut|Number=Plur|PronType=Dem	ὁ	det	39
5.15	39	πάντα	ADJ	Px	Case=Acc|Gender=Neut|Number=Plur	πᾶς	nmod	37
5.15	40	εἰπὼν	VERB	V-	Aspect=Perf|Case=Nom|Gender=Masc|Number=Sing|Tense=Past|VerbForm=Part|Voice=Act	λέγω	advcl	33
5.15	41	ταὐτά	ADJ	Pd	Case=Acc|Gender=Neut|Number=Plur	αὐτός	obj	40
5.15	42	.	PUNCT	Z		.	punct	33
5.15	43	πάντα	ADJ	Px	Case=Nom|Gender=Neut|Number=Plur	πᾶς	nsubj	45
5.15	44	ὧν	ADV	Df		ὅς	discourse	45
5.15	45	πήι	ADV	Du	PronType=Int	πήι	ROOT	45
5.15	46	ἐστι	AUX	V-	Mood=Ind|Number=Sing|Person=3|Tense=Pres|VerbForm=Fin|Voice=Act	εἰμί	cop	45
5.15	47	.	PUNCT	Z		.	punct	45
6.1	0	(	PUNCT	Df		(	dep	1
6.1	1	(	PUNCT	Pp		(	ROOT	1
6.1	2	1	ADV	Df		1	discourse	5
6.1	3	)	ADV	Z		)	dep	2
6.1	4	)	ADV	Z		)	discourse	5
6.1	5	λέγεται	VERB	V-	Mood=Ind|Number=Sing|Person=3|Tense=Pres|VerbForm=Fin|Voice=Pass	λέγω	ROOT	5
6.1	6	δέ	ADV	Df		δέ	discourse	5
6.1	7	τις	DET	Px	Case=Nom|Gender=Masc|Number=Sing	τίς	det	8
6.1	8	λόγος	NOUN	Nb	Case=Nom|Gender=Masc|Number=Sing	λόγος	nsubj:pass	5
6.1	9	οὔτ	CCONJ	C-		οὔτ	cc	11
6.1	10	’	CCONJ	A-		’	cc	11
6.1	11	ἀλαθὴς	ADJ	A-	Case=Nom|Degree=Pos|Gender=Masc|Number=Sing	ἀλαθής	xcomp	5
6.1	12	οὔτε	CCONJ	C-		οὔτε	cc	11
6.1	13	ἱκανός	ADJ	A-	Case=Nom|Degree=Pos|Gender=Masc|Number=Sing	ἱκανός	conj	11
6.1	14	·	PUNCT	Z		·	punct	5
6.1	15	ὅτι	SCONJ	G-		ὅτι	mark	21
6.1	16	ἄρα	ADV	Df		ἆρα	discourse	21
6.1	17	σοφία	NOUN	Nb	Case=Nom|Gender=Fem|Number=Sing	σοφία	nsubj	21
6.1	18	καὶ	CCONJ	C-		καί	cc	17
6.1	19	ἀρετὰ	PROPN	Ne	Case=Gen|Gender=Masc|Number=Sing	ἀρετή	conj	17
6.1	20	οὔτε	CCONJ	C-		οὔτε	cc	21
6.1	21	διδακτὸν	ADJ	A-	Case=Nom|Degree=Pos|Gender=Neut|Number=Sing	διδακτόν	ROOT	21
6.1	22	εἴη	AUX	V-	Mood=Opt|Number=Sing|Person=3|Tense=Pres|VerbForm=Fin|Voice=Act	εἰμί	cop	21
6.1	23	οὔτε	CCONJ	C-		οὔτε	cc	21
6.1	24	μαθητόν	ADJ	A-	Case=Nom|Degree=Pos|Gender=Neut|Number=Sing	μαθητός	conj	21
6.1	25	.	PUNCT	Z		.	punct	21
6.1	26	τοὶ	PRON	Pp	Case=Dat|Gender=Masc|Number=Sing|Person=2|PronType=Prs	σύ	iobj	32
6.1	27	δὲ	ADV	Df		δέ	discourse	32
6.1	28	ταῦτα	ADJ	Pd	Case=Acc|Gender=Neut|Number=Plur	οὗτος	obj	29
6.1	29	λέγοντες	VERB	V-	Case=Nom|Gender=Masc|Number=Plur|Tense=Pres|VerbForm=Part|Voice=Act	λέγω	advcl	32
6.1	30	ταῖσδε	DET	Pd	Case=Dat|Gender=Fem|Number=Plur	ὅδε	det	31
6.1	31	ἀποδείξεσι	NOUN	Nb	Case=Dat|Gender=Fem|Number=Plur	ἀπόδειξις	iobj	32
6.1	32	χρῶνται	VERB	V-	Mood=Ind|Number=Plur|Person=3|Tense=Pres|VerbForm=Fin|Voice=Mid	χράω	ROOT	32
6.1	33	·	PUNCT	Z		·	punct	32
6.2	0	(	PUNCT	Df		(	dep	2
6.2	1	(	PUNCT	R-		(	dep	0
6.2	2	2	ADV	Df		2	ROOT	2
6.2	3	)	ADV	Z		)	discourse	2
6.2	4	)	ADV	Z		)	discourse	2
6.2	5	ὡς	SCONJ	G-		ὡς	mark	7
6.2	6	οὐχ	ADV	Df	Polarity=Neg	οὐ	advmod	7
6.2	7	οἷόν	ADJ	A-	Case=Nom|Degree=Pos|Gender=Neut|Number=Sing	οἷος	ccomp	2
6.2	8	τε	CCONJ	C-		τε	cc	7
6.2	9	εἴη	AUX	V-	Mood=Opt|Number=Sing|Person=3|Tense=Pres|VerbForm=Fin|Voice=Act	εἰμί	cop	7
6.2	10	,	PUNCT	Z		,	punct	2
6.2	11	αἴ	SCONJ	G-		εἰ	mark	14
6.2	12	τι	ADJ	Px	Case=Acc|Gender=Neut|Number=Sing	τίς	obj	14
6.2	13	ἄλλωι	ADJ	A-	Case=Dat|Degree=Pos|Gender=Masc|Number=Sing	ἄλλωι	iobj	14
6.2	14	παραδοίης	VERB	V-	Aspect=Perf|Mood=Sub|Number=Sing|Person=2|Tense=Past|VerbForm=Fin|Voice=Act	παραδοία	advcl	15
6.2	15	,	PUNCT	Z		,	ROOT	15
6.2	16	τοῦτο	ADJ	Pd	Case=Acc|Gender=Neut|Number=Sing	οὗτος	obj	19
6.2	17	αὐτὸν	PRON	Pp	Case=Acc|Gender=Masc|Number=Sing|Person=3|PronType=Prs	αὐτός	nsubj	19
6.2	18	ἔτι	ADV	Df		ἔτι	advmod	19
6.2	19	ἔχειν	VERB	V-	Tense=Pres|VerbForm=Inf|Voice=Act	ἔχω	ccomp	15
6.2	20	.	PUNCT	Z		.	punct	19
6.2	21	μία	NUM	Ma	Case=Nom|Gender=Fem|Number=Sing	εἷς	ROOT	21
6.2	22	μὲν	ADV	Df		μέν	discourse	21
6.2	23	δὴ	ADV	Df		δή	discourse	21
6.2	24	αὕτα	PRON	Pp	Case=Acc|Gender=Neut|Number=Plur|Person=3|PronType=Prs	αὕτα	obj	21
6.2	25	.	PUNCT	Z		.	punct	21
6.3	0	(	PUNCT	R-		(	case	1
6.3	1	(	PUNCT	Pp		(	ROOT	1
6.3	2	3	ADV	Df		3	discourse	1
6.3	3	)	CCONJ	Z		)	dep	1
6.3	4	)	ADV	Z		)	discourse	1
6.3	5	ἄλλα	CCONJ	Px		ἄλλος	conj	1
6.3	6	δέ	ADV	Df		δέ	discourse	5
6.3	7	,	PUNCT	Z		,	dep	1
6.3	8	ὡς	SCONJ	G-		ὡς	dep	1
6.3	9	,	PUNCT	Z		,	punct	1
6.3	10	αἱ	SCONJ	Pr		ὁ	mark	11
6.3	11	διδακτὸν	ADJ	A-	Case=Nom|Degree=Pos|Gender=Neut|Number=Sing	διδακτόν	ROOT	11
6.3	12	ἦν	AUX	V-	Aspect=Imp|Mood=Ind|Number=Sing|Person=3|Tense=Past|VerbForm=Fin|Voice=Act	εἰμί	cop	11
6.3	13	,	PUNCT	Z		,	ROOT	13
6.3	14	διδάσκαλοί	NOUN	Nb	Case=Nom|Gender=Masc|Number=Plur	διδάσκαλος	xcomp	16
6.3	15	κα	ADV	Df		κα	discourse	14
6.3	16	ἀποδεδεγμένοι	VERB	V-	Aspect=Perf|Case=Nom|Gender=Masc|Number=Plur|Tense=Past|VerbForm=Part|Voice=Pass	ἀποδέχομαι	ROOT	16
6.3	17	ἦν	AUX	V-	Aspect=Imp|Mood=Ind|Number=Sing|Person=3|Tense=Past|VerbForm=Fin|Voice=Act	εἰμί	dep	16
6.3	18	,	PUNCT	Z		,	dep	16
6.3	19	ὡς	ADV	Df		ὡς	advmod	16
6.3	20	τᾶς	DET	S-	Case=Acc|Definite=Def|Gender=Fem|Number=Plur|PronType=Dem	ὅς	det	21
6.3	21	μωσικᾶς	ADJ	A-	Case=Acc|Degree=Pos|Gender=Fem|Number=Plur	μωσικός	obj	19
6.3	22	.	PUNCT	Z		.	punct	16
6.4	0	(	PUNCT	V-		(	dep	1
6.4	1	(	PUNCT	C-		(	cc	2
6.4	2	4	ADV	V-		4	ROOT	2
6.4	3	)	ADV	Z		)	discourse	2
6.4	4	)	ADV	Z		)	dep	2
6.4	5	τρίτα	ADJ	Mo	Case=Acc|Gender=Neut|Number=Plur	τρίτος	dep	2
6.4	6	δέ	ADV	Df		δέ	discourse	5
6.4	7	,	PUNCT	Z		,	dep	2
6.4	8	ὡς	ADV	Dq	PronType=Rel	ὡς	advmod	19
6.4	9	τοὶ	PRON	Pp	Case=Dat|Gender=Masc|Number=Sing|Person=2|PronType=Prs	σύ	iobj	19
6.4	10	ἐν	ADP	R-		ἐν	case	12
6.4	11	τᾶι	DET	S-	Case=Dat|Definite=Def|Gender=Fem|Number=Sing|PronType=Dem	ὁ	det	12
6.4	12	Ἑλλάδι	PROPN	Ne	Case=Dat|Gender=Fem|Number=Sing	Ἑλλάς	obl	13
6.4	13	γενόμενοι	VERB	V-	Aspect=Perf|Case=Nom|Gender=Masc|Number=Plur|Tense=Past|VerbForm=Part|Voice=Mid	γίγνομαι	advcl	19
6.4	14	σοφοὶ	ADJ	A-	Case=Nom|Degree=Pos|Gender=Masc|Number=Plur	σοφός	amod	15
6.4	15	ἄνδρες	NOUN	Nb	Case=Nom|Gender=Masc|Number=Plur	ἀνήρ	nsubj	13
6.4	16	τὰν	DET	S-	Case=Acc|Definite=Def|Gender=Fem|Number=Sing|PronType=Dem	ὅς	det	18
6.4	17	αὐτῶν	PRON	Pp	Case=Gen|Gender=Masc|Number=Plur|Person=3|PronType=Prs	αὐτός	det	18
6.4	18	τέχναν	NOUN	Nb	Case=Acc|Gender=Fem|Number=Sing	τέχνα	obj	19
6.4	19	ἐδίδαξάν	VERB	V-	Aspect=Perf|Mood=Ind|Number=Plur|Person=3|Tense=Past|VerbForm=Fin|Voice=Act	ἐδίδαξάς	advcl	2
6.4	20	κα	ADV	Df		κα	advmod	19
6.4	21	τὼς	DET	S-	Case=Acc|Definite=Def|Gender=Masc|Number=Plur|PronType=Dem	τώς	det	22
6.4	22	φίλως	ADJ	A-	Case=Acc|Degree=Pos|Gender=Masc|Number=Plur	φίλος	obj	19
6.4	23	.	PUNCT	Z		.	punct	2
6.5	0	(	PUNCT	Pr		(	ROOT	0
6.5	1	(	PUNCT	Pr		(	cc	2
6.5	2	5	ADV	Df		5	ROOT	2
6.5	3	)	CCONJ	Z		)	discourse	2
6.5	4	)	CCONJ	Z		)	dep	2
6.5	5	τετάρτα	NUM	A-	Case=Nom|Gender=Neut|Number=Plur	τετάρτης	conj	2
6.5	6	δὲ	ADV	Df		δέ	discourse	5
6.5	7	,	PUNCT	Z		,	orphan	5
6.5	8	ὅτι	SCONJ	G-		ὅτι	mark	15
6.5	9	ἤδη	ADV	Df		ἤδη	advmod	15
6.5	10	τινὲς	ADJ	Px	Case=Nom|Gender=Masc|Number=Plur	τίς	nsubj:pass	15
6.5	11	παρὰ	ADP	R-		παρά	case	12
6.5	12	σοφιστὰς	NOUN	Nb	Case=Acc|Gender=Masc|Number=Plur	σοφιστής	obl	13
6.5	13	ἐλθόντες	VERB	V-	Aspect=Perf|Case=Nom|Gender=Masc|Number=Plur|Tense=Past|VerbForm=Part|Voice=Act	ἔρχομαι	advcl	15
6.5	14	οὐδὲν	DET	Px	Case=Acc|Gender=Neut|Number=Sing	οὐδείς	det	15
6.5	15	ὠφέληθεν	VERB	V-	Aspect=Perf|Case=Acc|Gender=Neut|Number=Sing|Tense=Past|VerbForm=Part|Voice=Pass	ὠφέληθεν	advcl	5
6.5	16	.	PUNCT	Z		.	punct	2
6.6	0	(	PUNCT	R-		(	ROOT	0
6.6	1	(	PUNCT	Df		(	cc	2
6.6	2	6	ADV	Df		6	ROOT	2
6.6	3	)	ADV	Z		)	discourse	2
6.6	4	)	CCONJ	Z		)	dep	2
6.6	5	πέμπτα	NOUN	Nb	Case=Acc|Gender=Masc|Number=Sing	πέμπτος	conj	2
6.6	6	δέ	ADV	Df		δέ	discourse	5
6.6	7	,	PUNCT	Z		,	orphan	5
6.6	8	ὅτι	SCONJ	G-		ὅτι	mark	15
6.6	9	πολλοὶ	ADJ	A-	Case=Nom|Degree=Pos|Gender=Masc|Number=Plur	πολύς	nsubj	15
6.6	10	οὐ	ADV	Df	Polarity=Neg	οὐ	advmod	11
6.6	11	συγγενόμενοι	VERB	V-	Aspect=Perf|Case=Nom|Gender=Masc|Number=Plur|Tense=Past|VerbForm=Part|Voice=Mid	συγγίγνομαι	advcl	15
6.6	12	σοφισταῖς	NOUN	Nb	Case=Dat|Gender=Masc|Number=Plur	σοφιστής	iobj	11
6.6	13	ἄξιοι	ADJ	A-	Case=Nom|Degree=Pos|Gender=Masc|Number=Plur	ἄξιος	xcomp	14
6.6	14	λόγω	NOUN	Nb	Case=Dat|Gender=Masc|Number=Sing	λόγος	xcomp	15
6.6	15	γεγένηνται	VERB	V-	Aspect=Perf|Mood=Ind|Number=Plur|Person=3|Tense=Past|VerbForm=Fin|Voice=Mid	γίγνομαι	advcl	5
6.6	16	.	PUNCT	Z		.	punct	2
6.7	0	(	PUNCT	Df		(	ROOT	0
6.7	1	(	PUNCT	Pp		(	ROOT	1
6.7	2	7	ADV	Df		7	discourse	1
6.7	3	)	ADV	Z		)	dep	1
6.7	4	)	SCONJ	Z		)	cc	1
6.7	5	ἐγὼ	PRON	Pp	Case=Nom|Gender=Masc|Number=Sing|Person=1|PronType=Prs	ἐγώ	nsubj	9
6.7	6	δὲ	ADV	Df		δέ	discourse	9
6.7	7	κάρτα	ADV	Df		κάρτα	advmod	8
6.7	8	εὐήθη	ADJ	A-	Case=Acc|Degree=Pos|Gender=Masc|Number=Sing	εὐήθης	xcomp	9
6.7	9	νομίζω	VERB	V-	Mood=Ind|Number=Sing|Person=1|Tense=Pres|VerbForm=Fin|Voice=Act	νομίζω	parataxis	1
6.7	10	τόνδε	DET	Pd	Case=Acc|Gender=Masc|Number=Sing	ὅδε	det	12
6.7	11	τὸν	DET	S-	Case=Acc|Definite=Def|Gender=Masc|Number=Sing|PronType=Dem	ὁ	det	12
6.7	12	λόγον	NOUN	Nb	Case=Acc|Gender=Masc|Number=Sing	λόγος	obj	9
6.7	13	·	PUNCT	Z		·	punct	1
6.7	14	γινώσκω	VERB	V-	Mood=Ind|Number=Sing|Person=1|Tense=Pres|VerbForm=Fin|Voice=Act	γιγνώσκω	ROOT	14
6.7	15	γὰρ	ADV	Df		γάρ	discourse	14
6.7	16	τὼς	DET	S-	Case=Acc|Definite=Def|Gender=Masc|Number=Plur|PronType=Dem	τώς	det	17
6.7	17	διδασκάλως	NOUN	Nb	Case=Acc|Gender=Masc|Number=Plur	διδασκάλως	obl	19
6.7	18	γράμματα	NOUN	Nb	Case=Acc|Gender=Neut|Number=Plur	γράμμα	obj	19
6.7	19	διδάσκεν	VERB	V-	Tense=Pres|VerbForm=Inf|Voice=Act	διδάσκεν	xcomp	14
6.7	20	,	PUNCT	Z		,	dep	14
6.7	21	τά	PRON	Pr	Case=Acc|Gender=Neut|Number=Plur|PronType=Rel	ὁ	obj	25
6.7	22	κα	ADV	Df		κα	advmod	26
6.7	23	καὶ	ADV	Df		καί	advmod	25
6.7	24	αὐτὸς	ADJ	Pd	Case=Nom|Gender=Masc|Number=Sing	αὐτός	nsubj	25
6.7	25	ἐπιστάμενος	VERB	V-	Case=Nom|Gender=Masc|Number=Sing|Tense=Pres|VerbForm=Part|Voice=Mid	ἐπίσταμαι	xcomp	26
6.7	26	τυγχάνηι	VERB	V-	Mood=Sub|Number=Sing|Person=3|Tense=Pres|VerbForm=Fin|Voice=Act	τυγχάνηι	acl	20
6.7	27	,	PUNCT	Z		,	punct	14
6.7	28	καὶ	CCONJ	C-		καί	advmod	30
6.7	29	κιθαριστὰς	NOUN	Nb	Case=Acc|Gender=Masc|Number=Plur	κιθαριστής	obj	30
6.7	30	κιθαρίζεν	VERB	V-	Tense=Pres|VerbForm=Inf|Voice=Act	κιθαρίζε	ROOT	30
6.7	31	.	PUNCT	Z		.	punct	30
6.7	32	πρὸς	ADP	R-		πρός	case	36
6.7	33	δὲ	ADV	Df		δέ	ROOT	33
6.7	34	τὰν	DET	S-	Case=Acc|Definite=Def|Gender=Fem|Number=Sing|PronType=Dem	ὅς	det	36
6.7	35	δευτέραν	ADJ	Mo	Case=Acc|Gender=Fem|Number=Sing	δεύτερος	nmod	36
6.7	36	ἀπόδειξιν	NOUN	Nb	Case=Acc|Gender=Fem|Number=Sing	ἀπόδειξις	obl	33
6.7	37	.	PUNCT	Z		.	punct	33
6.7	38	ὡς	SCONJ	G-		ὡς	mark	43
6.7	39	ἄρα	ADV	Df		ἆρα	discourse	43
6.7	40	οὐκ	ADV	Df	Polarity=Neg	οὐ	advmod	43
6.7	41	ἐντὶ	AUX	V-	Mood=Ind|Number=Plur|Person=3|Tense=Pres|VerbForm=Fin|Voice=Act	εἰμί	cop	43
6.7	42	διδάσκαλοι	NOUN	Nb	Case=Nom|Gender=Masc|Number=Plur	διδάσκαλος	nsubj:pass	43
6.7	43	ἀποδεδεγμένοι	VERB	V-	Aspect=Perf|Case=Nom|Gender=Masc|Number=Plur|Tense=Past|VerbForm=Part|Voice=Pass	ἀποδέχομαι	advcl	44
6.7	44	,	PUNCT	Z		,	ROOT	44
6.7	45	τί	PRON	Pi	Case=Acc|Gender=Neut|Number=Sing|PronType=Int	τίς	obl	49
6.7	46	μὰν	ADV	Df		μήν	discourse	49
6.7	47	τοὶ	PRON	Pp	Case=Dat|Gender=Masc|Number=Sing|Person=2|PronType=Prs	σύ	det	48
6.7	48	σοφισταὶ	NOUN	Nb	Case=Nom|Gender=Masc|Number=Plur	σοφιστής	nsubj	49
6.7	49	διδάσκοντι	VERB	V-	Mood=Ind|Number=Plur|Person=3|Tense=Pres|VerbForm=Fin|Voice=Act	διδάσκω	ccomp	44
6.7	50	ἄλλ	CCONJ	C-		ἄλλ	cc	53
6.7	51	’	INTJ	C-		’	conj	48
6.7	52	ἢ	CCONJ	C-		ἤ	cc	53
6.7	53	σοφίαν	NOUN	Nb	Case=Acc|Gender=Fem|Number=Sing	σοφία	obj	49
6.7	54	καὶ	CCONJ	C-		καί	cc	53
6.7	55	ἀρετάν	NOUN	Nb	Case=Acc|Gender=Fem|Number=Sing	ἀρετή	conj	53
6.7	56	;	PUNCT	Z		;	punct	49
6.8	0	(	PUNCT	R-		(	case	3
6.8	1	(	PUNCT	R-		(	dep	0
6.8	2	8)	ADV	Df		8)	discourse	0
6.8	3	)	ADV	Z		)	dep	4
6.8	4	[	PUNCT	Df		[	ROOT	4
6.8	5	ἢ	CCONJ	C-		ἤ	cc	4
6.8	6	]	ADV	Z		]	dep	4
6.8	7	τί	PRON	Pi	Case=Acc|Gender=Neut|Number=Sing|PronType=Int	τίς	obl	12
6.8	8	δὲ	ADV	Df		δέ	discourse	12
6.8	9	Ἀναξαγόρειοι	ADJ	A-	Case=Nom|Degree=Pos|Gender=Masc|Number=Plur	Ἀναξαγόρειος	xcomp	12
6.8	10	καὶ	CCONJ	C-		καί	cc	9
6.8	11	Πυθαγόρειοι	ADJ	A-	Case=Nom|Degree=Pos|Gender=Masc|Number=Plur	Πυθαγόρειος	conj	9
6.8	12	ἦεν	AUX	V-	Aspect=Imp|Mood=Ind|Number=Sing|Person=3|Tense=Past|VerbForm=Fin|Voice=Act	εἰμί	conj	4
6.8	13	;	PUNCT	Z		;	punct	4
6.8	14	τὸ	DET	S-	Case=Acc|Definite=Def|Gender=Neut|Number=Sing|PronType=Dem	ὁ	det	16
6.8	15	δὲ	ADV	Df		δέ	discourse	17
6.8	16	τρίτον	ADJ	Mo	Case=Acc|Gender=Neut|Number=Sing	τρίτος	advmod	17
6.8	17	,	PUNCT	Z		,	advmod	18
6.8	18	ἐδίδαξε	VERB	V-	Aspect=Perf|Mood=Ind|Number=Sing|Person=3|Tense=Past|VerbForm=Fin|Voice=Act	διδάσκω	ROOT	18
6.8	19	Πολύκλειτος	PROPN	Ne	Case=Nom|Gender=Masc|Number=Sing	Πολύκλειτος	nsubj	18
6.8	20	τὸν	DET	S-	Case=Acc|Definite=Def|Gender=Masc|Number=Sing|PronType=Dem	ὁ	det	21
6.8	21	υἱὸν	NOUN	Nb	Case=Acc|Gender=Masc|Number=Sing	υἱός	obj	18
6.8	22	ἀνδριάντας	NOUN	Nb	Case=Acc|Gender=Masc|Number=Plur	ἀνδριάς	obj	23
6.8	23	ποιέν	VERB	V-	Tense=Pres|VerbForm=Inf|Voice=Act	πω	xcomp	18
6.8	24	.	PUNCT	Z		.	punct	18
6.9	0	(	PUNCT	Pr		(	case	1
6.9	1	(	PUNCT	Df		(	nsubj	10
6.9	2	9	ADV	Df		9	discourse	1
6.9	3	)	ADV	Z		)	discourse	2
6.9	4	)	ADV	Z		)	dep	2
6.9	5	καὶ	CCONJ	C-		καί	cc	10
6.9	6	αἰ	SCONJ	G-		εἰ	mark	10
6.9	7	μέν	ADV	Df		μέν	discourse	10
6.9	8	τις	ADJ	Px	Case=Nom|Gender=Masc|Number=Sing	τίς	nsubj	10
6.9	9	μὴ	ADV	Df	Polarity=Neg	μή	advmod	10
6.9	10	ἐδίδαξε	VERB	V-	Aspect=Perf|Mood=Ind|Number=Sing|Person=3|Tense=Past|VerbForm=Fin|Voice=Act	διδάσκω	ROOT	10
6.9	11	,	PUNCT	Z		,	nmod	1
6.9	12	οὐ	ADV	Df	Polarity=Neg	οὐ	advmod	13
6.9	13	σαμῆιον	NOUN	Nb	Case=Acc|Gender=Neut|Number=Sing	σαμῆιον	obj	10
6.9	14	·	PUNCT	Z		·	punct	10
6.9	15	αἰ	SCONJ	G-		εἰ	mark	19
6.9	16	δ’	ADV	Df		δ’	discourse	19
6.9	17	εἶς	NUM	Ma	Case=Nom|Gender=Masc|Number=Sing	εἷς	nsubj	19
6.9	18	τις	ADJ	Px	Case=Nom|Gender=Masc|Number=Sing	τίς	nsubj	19
6.9	19	ἐδίδαξε	VERB	V-	Aspect=Perf|Mood=Ind|Number=Sing|Person=3|Tense=Past|VerbForm=Fin|Voice=Act	διδάσκω	ROOT	19
6.9	20	,	PUNCT	Z		,	nmod	17
6.9	21	τεκμάριον	NOUN	Nb	Case=Acc|Gender=Neut|Number=Sing	τεκμάριον	conj	19
6.9	22	ὅτι	SCONJ	G-		ὅτι	mark	23
6.9	23	δυνατόν	ADJ	A-	Case=Nom|Degree=Pos|Gender=Neut|Number=Sing	δυνατός	advcl	21
6.9	24	ἐστι	AUX	V-	Mood=Ind|Number=Sing|Person=3|Tense=Pres|VerbForm=Fin|Voice=Act	εἰμί	cop	23
6.9	25	διδάξαι	VERB	V-	Aspect=Perf|Tense=Past|VerbForm=Inf|Voice=Act	διδάσκω	ccomp	23
6.9	26	.	PUNCT	Z		.	punct	19
6.10	0	(	PUNCT	R-		(	ROOT	0
6.10	1	(	PUNCT	Df		(	dep	7
6.10	2	10	ADV	Df		10	discourse	1
6.10	3	)	ADV	Z		)	dep	1
6.10	4	)	CCONJ	Z		)	cc	1
6.10	5	τέταρτον	ADJ	Mo	Case=Nom|Gender=Neut|Number=Sing	τέταρτος	conj	1
6.10	6	δέ	ADV	Df		δέ	discourse	5
6.10	7	,	PUNCT	Z		,	ROOT	7
6.10	8	αἰ	PRON	Pr	Case=Nom|Gender=Fem|Number=Plur|PronType=Rel	εἰ	nsubj	17
6.10	9	μή	ADV	Df	Polarity=Neg	μή	advmod	17
6.10	10	τοι	PRON	Pp	Case=Dat|Gender=Masc|Number=Sing|Person=2|PronType=Prs	σύ	obl	17
6.10	11	παρὰ	ADP	R-		παρά	case	13
6.10	12	[	PUNCT	S-	Case=Gen|Definite=Def|Gender=Masc|Number=Plur|PronType=Dem	[	det	13
6.10	13	σοφῶν	ADJ	A-	Case=Gen|Degree=Pos|Gender=Masc|Number=Plur	σοφός	obl	17
6.10	14	]	CCONJ	Z		]	cc	13
6.10	15	σοφιστῶν	NOUN	Nb	Case=Gen|Gender=Masc|Number=Plur	σοφιστής	conj	13
6.10	16	σοφοὶ	ADJ	A-	Case=Nom|Degree=Pos|Gender=Masc|Number=Plur	σοφός	xcomp	17
6.10	17	γίνονται	VERB	V-	Mood=Ind|Number=Plur|Person=3|Tense=Pres|VerbForm=Fin|Voice=Mid	γίγνομαι	ROOT	17
6.10	18	·	PUNCT	Z		·	punct	17
6.10	19	καὶ	ADV	Df		καί	dep	24
6.10	20	γὰρ	ADV	Df		γάρ	discourse	24
6.10	21	γράμματα	NOUN	Nb	Case=Acc|Gender=Neut|Number=Plur	γράμμα	obj	24
6.10	22	πολλοὶ	ADJ	A-	Case=Nom|Degree=Pos|Gender=Masc|Number=Plur	πολύς	nsubj	24
6.10	23	οὐκ	ADV	Df	Polarity=Neg	οὐ	advmod	24
6.10	24	ἔμαθον	VERB	V-	Aspect=Perf|Mood=Ind|Number=Plur|Person=3|Tense=Past|VerbForm=Fin|Voice=Act	μανθάνω	ROOT	24
6.10	25	μαθόντες	VERB	V-	Aspect=Perf|Case=Nom|Gender=Masc|Number=Plur|Tense=Past|VerbForm=Part|Voice=Act	μανθάνω	advcl	24
6.10	26	.	PUNCT	Z		.	punct	24
6.11	0	(	PUNCT	Df		(	ROOT	0
6.11	1	(	PUNCT	Pp		(	punct	0
6.11	2	11	ADV	Df		11	ROOT	2
6.11	3	)	ADV	Z		)	discourse	2
6.11	4	)	CCONJ	Z		)	ROOT	4
6.11	5	ἔστι	AUX	V-	Mood=Ind|Number=Sing|Person=3|Tense=Pres|VerbForm=Fin|Voice=Act	εἰμί	cop	10
6.11	6	δέ	ADV	Df		δέ	discourse	5
6.11	7	τι	ADJ	Px	Case=Nom|Gender=Neut|Number=Sing	τίς	nsubj	5
6.11	8	καὶ	ADV	Df		καί	advmod	9
6.11	9	φύσις	NOUN	Nb	Case=Nom|Gender=Fem|Number=Sing	φύσις	nsubj	5
6.11	10	,	PUNCT	Z		,	ROOT	10
6.11	11	ἆι	PRON	Pr	Case=Nom|Gender=Fem|Number=Plur|PronType=Rel	ἦι	mark	19
6.11	12	δή	ADV	Df		δή	discourse	19
6.11	13	τις	ADJ	Px	Case=Nom|Gender=Masc|Number=Sing	τίς	nsubj	19
6.11	14	μὴ	ADV	Df	Polarity=Neg	μή	advmod	15
6.11	15	μαθὼν	VERB	V-	Aspect=Perf|Case=Nom|Gender=Masc|Number=Sing|Tense=Past|VerbForm=Part|Voice=Act	μανθάνω	advcl	19
6.11	16	παρὰ	ADP	R-		παρά	case	17
6.11	17	σοφιστᾶν	NOUN	Nb	Case=Acc|Gender=Masc|Number=Sing	σοφιστάω	obl	15
6.11	18	ἱκανὸς	ADJ	A-	Case=Nom|Degree=Pos|Gender=Masc|Number=Sing	ἱκανός	xcomp	19
6.11	19	ἐγένετο	VERB	V-	Aspect=Perf|Mood=Ind|Number=Sing|Person=3|Tense=Past|VerbForm=Fin|Voice=Mid	γίγνομαι	acl	10
6.11	20	,	PUNCT	Z		,	det	7
6.11	21	εὐφυής	ADJ	A-	Case=Nom|Degree=Pos|Gender=Masc|Number=Sing	εὐφυής	xcomp	23
6.11	22	γα	ADV	Df		γε	discourse	21
6.11	23	γενόμενος	VERB	V-	Aspect=Perf|Case=Nom|Gender=Masc|Number=Sing|Tense=Past|VerbForm=Part|Voice=Mid	γίγνομαι	advcl	20
6.11	24	ῥαιδίως	ADV	Df	Degree=Pos	ῥαιδῖος	advmod	25
6.11	25	συναρπάξαι	VERB	V-	Aspect=Perf|Tense=Past|VerbForm=Inf|Voice=Act	συναρπάχω	xcomp	23
6.11	26	τὰ	DET	S-	Case=Acc|Definite=Def|Gender=Neut|Number=Plur|PronType=Dem	ὁ	det	27
6.11	27	πολλά	ADJ	A-	Case=Acc|Degree=Pos|Gender=Neut|Number=Plur	πολύς	obj	25
6.11	28	,	PUNCT	Z		,	ROOT	28
6.11	29	ὀλίγα	ADJ	A-	Case=Acc|Degree=Pos|Gender=Neut|Number=Plur	ὀλίγος	obj	30
6.11	30	μαθὼν	VERB	V-	Aspect=Perf|Case=Nom|Gender=Masc|Number=Sing|Tense=Past|VerbForm=Part|Voice=Act	μανθάνω	advcl	28
6.11	31	παρ’	ADP	R-		παρ’	case	35
6.11	32	ὧνπερ	PRON	Pr	Case=Gen|Gender=Neut|Number=Plur|PronType=Rel	ὅς	det	35
6.11	33	καὶ	ADV	Df		καί	advmod	35
6.11	34	τὠνύματα	NOUN	Nb	Case=Acc|Gender=Neut|Number=Plur	τὠνῦμα	obj	35
6.11	35	μανθάνομεν	VERB	V-	Mood=Ind|Number=Plur|Person=1|Tense=Pres|VerbForm=Fin|Voice=Act	μανθάνω	advcl	30
6.11	36	·	PUNCT	Z		·	punct	28
6.11	37	καὶ	CCONJ	C-		καί	cc	41
6.11	38	τούτων	ADJ	Pd	Case=Gen|Gender=Neut|Number=Plur	οὗτος	nmod	39
6.11	39	τι	ADJ	Px	Case=Nom|Gender=Neut|Number=Sing	τίς	nsubj	41
6.11	40	ἤτοι	CCONJ	C-		ἤτοι	mark	41
6.11	41	πλέον	ADJ	A-	Case=Nom|Degree=Cmp|Gender=Neut|Number=Sing	πολύς	ROOT	41
6.11	42	,	PUNCT	Z		,	cc	41
6.11	43	ἤτοι	CCONJ	C-		ἤτοι	cc	41
6.11	44	ἔλασσον	ADJ	A-	Case=Nom|Degree=Cmp|Gender=Neut|Number=Sing	ἐλάσσων	conj	41
6.11	45	,	PUNCT	Z		,	punct	41
6.11	46	ὁ	PRON	Pp	Case=Nom|Gender=Masc|Number=Sing|Person=3|PronType=Prs	ὁ	ROOT	46
6.11	47	μὲν	ADV	Df		μέν	discourse	46
6.11	48	παρὰ	ADP	R-		παρά	case	49
6.11	49	πατρός	NOUN	Nb	Case=Gen|Gender=Masc|Number=Sing	πατήρ	nmod	46
6.11	50	,	PUNCT	Z		,	orphan	46
6.11	51	ὁ	PRON	Pp	Case=Nom|Gender=Masc|Number=Sing|Person=3|PronType=Prs	ὁ	orphan	46
6.11	52	δὲ	ADV	Df		δέ	discourse	51
6.11	53	παρὰ	ADP	R-		παρά	case	54
6.11	54	ματρός	PROPN	Ne	Case=Nom|Gender=Masc|Number=Sing	μήτηρ	orphan	51
6.11	55	.	PUNCT	Z		.	punct	46
6.12	0	(	PUNCT	Pp		(	ROOT	0
6.12	1	(	PUNCT	Pk	Case=Nom|Gender=Masc|Number=Sing	(	ROOT	1
6.12	2	12	ADV	Df		12	dep	1
6.12	3	)	ADV	Z		)	dep	2
6.12	4	)	ADV	Z		)	dep	1
6.12	5	αἰ	SCONJ	G-		εἰ	mark	9
6.12	6	δέ	ADV	Df		δέ	discourse	9
6.12	7	τωι	DET	S-	Case=Dat|Definite=Def|Gender=Neut|Number=Sing|PronType=Dem	τωι	det	9
6.12	8	μὴ	ADV	Df	Polarity=Neg	μή	advmod	9
6.12	9	πιστόν	ADJ	A-	Case=Nom|Degree=Pos|Gender=Neut|Number=Sing	πιστός	conj	1
6.12	10	ἐστι	AUX	V-	Mood=Ind|Number=Sing|Person=3|Tense=Pres|VerbForm=Fin|Voice=Act	εἰμί	cop	9
6.12	11	τὰ	DET	S-	Case=Acc|Definite=Def|Gender=Neut|Number=Plur|PronType=Dem	ὁ	det	12
6.12	12	ὀνύματα	NOUN	Nb	Case=Acc|Gender=Neut|Number=Plur	ὀνύματα	obj	13
6.12	13	μανθάνειν	VERB	V-	Tense=Pres|VerbForm=Inf|Voice=Act	μανθάνω	ccomp	9
6.12	14	ἁμέ	ADV	Pp		ἡμεῖς	obl	13
6.12	15	,	PUNCT	Z		,	cc	9
6.12	16	ἀλλ’	CCONJ	C-		ἀλλ’	cc	9
6.12	17	ἐπισταμένως	ADV	Df		ἐπίσταμαι	advmod	19
6.12	18	ἅμα	ADV	Df		ἅμα	advmod	19
6.12	19	γίνεσθαι	VERB	V-	Tense=Pres|VerbForm=Inf|Voice=Mid	γίγνομαι	conj	9
6.12	20	,	PUNCT	Z		,	ROOT	20
6.12	21	γνώτω	VERB	V-	Mood=Imp|Number=Sing|Person=3|Tense=Pres|VerbForm=Fin|Voice=Act	γιγνώσκω	ROOT	21
6.12	22	ἐκ	ADP	R-		ἐκ	case	23
6.12	23	τῶνδε	ADJ	Pd	Case=Gen|Gender=Neut|Number=Plur	ὅδε	obl	21
6.12	24	·	PUNCT	Z		·	punct	21
6.12	25	αἴ	SCONJ	G-		εἰ	mark	32
6.12	26	τις	ADJ	Px	Case=Nom|Gender=Masc|Number=Sing	τίς	nsubj	32
6.12	27	εὐθὺς	ADV	Df		εὐθύς	advmod	28
6.12	28	γενόμενον	VERB	V-	Aspect=Perf|Case=Acc|Gender=Neut|Number=Sing|Tense=Past|VerbForm=Part|Voice=Mid	γίγνομαι	acl	29
6.12	29	παιδίον	NOUN	Nb	Case=Acc|Gender=Neut|Number=Sing	παιδίον	obj	32
6.12	30	ἐς	ADP	R-		εἰς	case	31
6.12	31	Πέρσας	NOUN	Nb	Case=Acc|Gender=Masc|Number=Plur	Πέρσης	obl	32
6.12	32	ἀποπέμψαι	VERB	V-	Aspect=Perf|Tense=Past|VerbForm=Inf|Voice=Act	ἀποπέμπω	advcl	36
6.12	33	καὶ	CCONJ	C-		καί	cc	32
6.12	34	τηνεῖ	PRON	Pr	Case=Acc|Gender=Fem|Number=Sing|PronType=Rel	τηνέω	obj	35
6.12	35	τράφοι	VERB	V-	Aspect=Perf|Mood=Opt|Number=Sing|Person=3|Tense=Past|VerbForm=Fin|Voice=Act	τράφος	conj	32
6.12	36	,	PUNCT	Z		,	iobj	37
6.12	37	κωφὸν	ADJ	A-	Case=Acc|Degree=Pos|Gender=Neut|Number=Sing	κωφός	ROOT	37
6.12	38	Ἑλλάδος	PROPN	Ne	Case=Gen|Gender=Fem|Number=Sing	Ἑλλάς	nmod	39
6.12	39	φωνᾶς	NOUN	Nb	Case=Acc|Gender=Fem|Number=Plur	φωνός	obj	37
6.12	40	,	PUNCT	Z		,	ROOT	40
6.12	41	περσίζοι	VERB	V-	Mood=Opt|Number=Sing|Person=3|Tense=Pres|VerbForm=Fin|Voice=Act	περσίζω	ROOT	41
6.12	42	κα	ADV	Df		κα	advmod	41
6.12	43	·	PUNCT	Z		·	punct	41
6.12	44	καὶ	CCONJ	C-		καί	cc	49
6.12	45	αἴ	SCONJ	G-		εἰ	mark	49
6.12	46	τις	ADJ	Px	Case=Nom|Gender=Masc|Number=Sing	τίς	nsubj	49
6.12	47	τηνόθεν	ADV	Df		τηνόθεν	obj	49
6.12	48	τῆιδε	ADJ	Pd	Case=Dat|Gender=Fem|Number=Sing	τῆιδε	obl	49
6.12	49	κομίξαι	VERB	V-	Aspect=Perf|Mood=Opt|Number=Sing|Person=3|Tense=Past|VerbForm=Fin|Voice=Act	κομίζω	ROOT	49
6.12	50	,	PUNCT	Z		,	punct	49
6.12	51	ἑλλανίζοι	VERB	V-	Mood=Opt|Number=Sing|Person=3|Tense=Pres|VerbForm=Fin|Voice=Act	ἑλλανίζω	ROOT	51
6.12	52	κα	ADV	Df		κα	advmod	51
6.12	53	.	PUNCT	Z		.	punct	51
6.12	54	οὕτω	ADV	Df		οὕτως	advmod	55
6.12	55	μανθάνομεν	VERB	V-	Mood=Ind|Number=Plur|Person=1|Tense=Pres|VerbForm=Fin|Voice=Act	μανθάνω	ROOT	55
6.12	56	τὰ	DET	S-	Case=Acc|Definite=Def|Gender=Neut|Number=Plur|PronType=Dem	ὁ	det	57
6.12	57	ὀνύματα	NOUN	Nb	Case=Acc|Gender=Neut|Number=Plur	ὀνύματα	obj	55
6.12	58	,	PUNCT	Z		,	dep	55
6.12	59	καὶ	CCONJ	C-		καί	cc	55
6.12	60	τὼς	DET	S-	Case=Acc|Definite=Def|Gender=Masc|Number=Plur|PronType=Dem	τώς	det	61
6.12	61	διδασκάλως	NOUN	Nb	Case=Acc|Gender=Masc|Number=Plur	διδασκάλως	obl	63
6.12	62	οὐκ	ADV	Df	Polarity=Neg	οὐ	advmod	63
6.12	63	ἴσαμες	VERB	V-	Mood=Ind|Number=Plur|Person=1|Tense=Pres|VerbForm=Fin|Voice=Act	ἴσαμες	conj	55
6.12	64	.	PUNCT	Z		.	punct	55
6.13	0	(	PUNCT	Df		(	dep	1
6.13	1	(	PUNCT	Df		(	ROOT	1
6.13	2	13	ADV	Df		13	det	9
6.13	3	)	ADV	Z		)	discourse	2
6.13	4	)	ADV	Z		)	dislocated	2
6.13	5	οὕτω	ADV	Df		οὕτως	advmod	6
6.13	6	λέλεκταί	VERB	V-	Aspect=Perf|Mood=Ind|Number=Sing|Person=3|Tense=Past|VerbForm=Fin|Voice=Pass	λέγω	ROOT	6
6.13	7	μοι	PRON	Pp	Case=Dat|Gender=Masc|Number=Sing|Person=1|PronType=Prs	ἐγώ	obl:agent	6
6.13	8	ὁ	DET	S-	Case=Nom|Definite=Def|Gender=Masc|Number=Sing|PronType=Dem	ὁ	det	9
6.13	9	λόγος	NOUN	Nb	Case=Nom|Gender=Masc|Number=Sing	λόγος	nsubj:pass	6
6.13	10	,	PUNCT	Z		,	dep	6
6.13	11	καὶ	CCONJ	C-		καί	cc	6
6.13	12	ἔχεις	VERB	V-	Mood=Ind|Number=Sing|Person=2|Tense=Pres|VerbForm=Fin|Voice=Act	ἔχω	conj	6
6.13	13	ἀρχὴν	NOUN	Nb	Case=Acc|Gender=Fem|Number=Sing	ἀρχή	obj	12
6.13	14	καὶ	CCONJ	C-		καί	cc	13
6.13	15	τέλος	NOUN	Nb	Case=Acc|Gender=Neut|Number=Sing	τέλος	conj	13
6.13	16	καὶ	CCONJ	C-		καί	cc	13
6.13	17	μέσα	NOUN	Nb	Case=Acc|Gender=Neut|Number=Plur	μέσος	conj	13
6.13	18	·	PUNCT	Z		·	punct	6
6.13	19	καὶ	CCONJ	C-		καί	cc	21
6.13	20	οὐ	ADV	Df	Polarity=Neg	οὐ	advmod	21
6.13	21	λέγω	VERB	V-	Mood=Ind|Number=Sing|Person=1|Tense=Pres|VerbForm=Fin|Voice=Act	λέγω	ROOT	21
6.13	22	,	PUNCT	Z		,	punct	21
6.13	23	ὡς	SCONJ	G-		ὡς	mark	24
6.13	24	διδακτόν	ADJ	A-	Case=Nom|Degree=Pos|Gender=Neut|Number=Sing	διδακτος	ROOT	24
6.13	25	ἐστιν	AUX	V-	Mood=Ind|Number=Sing|Person=3|Tense=Pres|VerbForm=Fin|Voice=Act	εἰμί	cop	24
6.13	26	,	PUNCT	Z		,	ROOT	26
6.13	27	ἀλλ’	CCONJ	C-		ἀλλ’	cc	26
6.13	28	οὐκ	ADV	Df	Polarity=Neg	οὐ	advmod	29
6.13	29	ἀποχρῶντί	VERB	V-	Case=Dat|Gender=Masc|Number=Sing|Tense=Pres|VerbForm=Part|Voice=Act	ἀποχρῶντί	conj	26
6.13	30	μοι	PRON	Pp	Case=Dat|Gender=Masc|Number=Sing|Person=1|PronType=Prs	ἐγώ	iobj	29
6.13	31	τῆναι	VERB	V-	Aspect=Perf|Tense=Past|VerbForm=Inf|Voice=Act	τῆναι	ccomp	29
6.13	32	αἱ	DET	S-	Case=Nom|Definite=Def|Gender=Fem|Number=Plur|PronType=Dem	ὁ	det	33
6.13	33	ἀποδείξεις	NOUN	Nb	Case=Nom|Gender=Fem|Number=Plur	ἀποδείκνυμι	nsubj	31
6.13	34	.	PUNCT	Z		.	punct	26
7.1	0	(	PUNCT	R-		(	dep	2
7.1	1	(	PUNCT	Pp		(	dep	0
7.1	2	1	ADV	Df		1	ROOT	2
7.1	3	)	ADV	Z		)	dep	2
7.1	4	)	ADV	Z		)	dep	2
7.1	5	λέγοντι	VERB	V-	Case=Dat|Gender=Masc|Number=Sing|Tense=Pres|VerbForm=Part|Voice=Act	λέγω	advcl	2
7.1	6	δέ	ADV	Df		δέ	discourse	5
7.1	7	τινες	ADJ	Px	Case=Nom|Gender=Masc|Number=Plur	τίς	nsubj	5
7.1	8	τῶν	DET	S-	Case=Gen|Definite=Def|Gender=Masc|Number=Plur|PronType=Dem	ὁ	det	9
7.1	9	δαμαγορούντων	VERB	Ne	Case=Gen|Gender=Masc|Number=Plur|Tense=Pres|VerbForm=Part|Voice=Act	δαμαγορέω	nmod	7
7.1	10	,	PUNCT	Z	Mood=Ind|Number=Plur|Person=3|Tense=Pres|VerbForm=Fin|Voice=Act	,	parataxis	2
7.1	11	ὡς	SCONJ	G-		ὡς	mark	12
7.1	12	χρὴ	VERB	V-	Mood=Ind|Number=Sing|Person=3|Tense=Pres|VerbForm=Fin|Voice=Act	χρή	ROOT	12
7.1	13	τὰς	DET	S-	Case=Acc|Definite=Def|Gender=Fem|Number=Plur|PronType=Dem	ὁ	det	14
7.1	14	ἀρχὰς	NOUN	Nb	Case=Acc|Gender=Fem|Number=Plur	ἀρχή	nsubj	17
7.1	15	ἀπὸ	ADP	R-		ἀπό	case	16
7.1	16	κλάρω	NOUN	Nb	Case=Dat|Gender=Masc|Number=Sing	κλάρω	obl	17
7.1	17	γίνεσθαι	VERB	V-	Tense=Pres|VerbForm=Inf|Voice=Mid	γίγνομαι	ccomp	12
7.1	18	,	PUNCT	Z		,	ROOT	18
7.1	19	οὐ	ADV	Df	Polarity=Neg	οὐ	advmod	22
7.1	20	βέλτιστα	ADJ	A-	Case=Acc|Degree=Sup|Gender=Neut|Number=Plur	βέλτιστος	xcomp	22
7.1	21	ταῦτα	ADJ	Pd	Case=Acc|Gender=Neut|Number=Plur	οὗτος	obj	22
7.1	22	νομίζοντες	VERB	V-	Case=Nom|Gender=Masc|Number=Plur|Tense=Pres|VerbForm=Part|Voice=Act	νομίζω	advcl	18
7.1	23	.	PUNCT	Z		.	punct	22
7.2	0	(	PUNCT	R-		(	ROOT	0
7.2	1	(	PUNCT	Ne		(	ROOT	1
7.2	2	2	ADV	Ne		2	dislocated	24
7.2	3	)	ADV	Z		)	discourse	2
7.2	4	)	ADV	Z		)	dep	2
7.2	5	εἰ	SCONJ	G-		εἰ	mark	9
7.2	6	γάρ	ADV	Df		γάρ	discourse	9
7.2	7	τις	DET	Px	Case=Nom|Gender=Fem,Masc|Number=Sing	τίς	det	9
7.2	8	αὐτὸν	PRON	Pp	Case=Acc|Gender=Masc|Number=Sing|Person=3|PronType=Prs	αὐτός	obj	9
7.2	9	ἐρωτώιη	VERB	V-	Mood=Opt|Number=Sing|Person=3|Tense=Pres|VerbForm=Fin|Voice=Act	ἐρωτώιη	advcl	13
7.2	10	τὸν	DET	S-	Case=Acc|Definite=Def|Gender=Masc|Number=Sing|PronType=Dem	ὁ	det	12
7.2	11	ταῦτα	ADJ	Pd	Case=Acc|Gender=Neut|Number=Plur	οὗτος	obj	12
7.2	12	λέγοντα	VERB	V-	Case=Acc|Gender=Masc|Number=Sing|Tense=Pres|VerbForm=Part|Voice=Act	λέγω	obj	9
7.2	13	,	PUNCT	Z		,	dep	2
7.2	14	τί	PRON	Pi	Case=Acc|Gender=Neut|Number=Sing|PronType=Int	τίς	obl	24
7.2	15	δὴ	ADV	Df		δή	discourse	24
7.2	16	σὺ	PRON	Pp	Case=Nom|Gender=Masc|Number=Sing|Person=2|PronType=Prs	σύ	nsubj	24
7.2	17	τοῖς	DET	S-	Case=Dat|Definite=Def|Gender=Masc|Number=Plur|PronType=Dem	ὁ	det	18
7.2	18	οἰκέταις	NOUN	Nb	Case=Dat|Gender=Masc|Number=Plur	οἰκέτης	iobj	24
7.2	19	οὐκ	ADV	Df	Polarity=Neg	οὐ	advmod	24
7.2	20	ἀπὸ	ADP	R-		ἀπό	case	21
7.2	21	κλήρω	NOUN	Nb	Case=Dat|Gender=Masc|Number=Sing	κλήρω	obl	24
7.2	22	τὰ	DET	S-	Case=Acc|Definite=Def|Gender=Neut|Number=Plur|PronType=Dem	ὁ	det	23
7.2	23	ἔργα	NOUN	Nb	Case=Acc|Gender=Neut|Number=Plur	ἔργον	obj	24
7.2	24	προστάσσεις	VERB	V-	Mood=Ind|Number=Sing|Person=2|Tense=Pres|VerbForm=Fin|Voice=Act	προστάσσω	ROOT	24
7.2	25	,	PUNCT	Z		,	punct	24
7.2	26	ὅπως	SCONJ	G-		ὅπως	mark	30
7.2	27	ὁ	DET	S-	Case=Nom|Definite=Def|Gender=Masc|Number=Sing|PronType=Dem	ὁ	det	29
7.2	28	μὲν	ADV	Df		μέν	discourse	30
7.2	29	ζευγηλάτας	NOUN	Nb	Case=Nom|Gender=Masc|Number=Sing	ζευγηλάτας	nsubj	30
7.2	30	,	PUNCT	Z		,	ROOT	30
7.2	31	αἴ	SCONJ	G-		εἰ	mark	35
7.2	32	κ	ADV	Df		ΑΒΓ	advmod	35
7.2	33	’	SCONJ	A-		’	xcomp	35
7.2	34	ὀψοποιὸς	NOUN	Nb	Case=Nom|Gender=Masc|Number=Sing	ὀψοποιός	nsubj	35
7.2	35	λάχηι	VERB	V-	Aspect=Perf|Mood=Sub|Number=Sing|Person=3|Tense=Past|VerbForm=Fin|Voice=Act	λάχηι	dep	30
7.2	36	,	PUNCT	Z		,	dislocated	30
7.2	37	ὀψοποιῆι	NOUN	Nb	Case=Nom|Gender=Masc|Number=Sing	ὀψοποιῆι	conj	30
7.2	38	,	PUNCT	Z		,	punct	30
7.2	39	ὁ	DET	S-	Case=Nom|Definite=Def|Gender=Masc|Number=Sing|PronType=Dem	ὁ	det	41
7.2	40	δὲ	ADV	Df		δέ	discourse	42
7.2	41	ὀψοποιὸς	NOUN	Nb	Case=Nom|Gender=Masc|Number=Sing	ὀψοποιός	nsubj	42
7.2	42	ζευγηλατῆι	NOUN	Nb	Case=Dat|Gender=Masc|Number=Sing	ζευγηλατῆι	ROOT	42
7.2	43	,	PUNCT	Z		,	ROOT	43
7.2	44	καὶ	CCONJ	C-		καί	cc	47
7.2	45	τἆ	ADJ	Px	Case=Acc|Gender=Neut|Number=Plur	τἆ	obj	47
7.2	46	λλα	ADJ	Px	Case=Acc|Gender=Neut|Number=Plur	λλα	obj	47
7.2	47	καττωὐτό	VERB	V-	Aspect=Imp|Mood=Ind|Number=Sing|Person=3|Tense=Past|VerbForm=Fin|Voice=Mid	καττωὐτό	ROOT	47
7.2	48	;	PUNCT	Z	PronType=Int	;	xcomp	47
7.3	0	(	PUNCT	Pp		(	dep	2
7.3	1	(	PUNCT	Pr	Case=Nom|Gender=Masc|Number=Sing	(	case	0
7.3	2	3	ADV	Df		3	ROOT	2
7.3	3	)	ADV	Z		)	discourse	2
7.3	4	)	ADV	Z		)	dep	2
7.3	5	καὶ	CCONJ	C-		καί	cc	19
7.3	6	πῶς	ADV	Du	PronType=Int	πῶς	advmod	19
7.3	7	οὐ	ADV	Df	Polarity=Neg	οὐ	advmod	19
7.3	8	καὶ	ADV	Df		καί	advmod	10
7.3	9	τὼς	ADV	S-		τώς	det	10
7.3	10	χαλκῆας	ADJ	A-	Case=Acc|Degree=Pos|Gender=Masc|Number=Plur	χαλκεύς	obj	14
7.3	11	καὶ	CCONJ	C-		καί	cc	10
7.3	12	τῶς	DET	S-	Case=Acc|Definite=Def|Gender=Masc|Number=Plur|PronType=Dem	τῶς	det	13
7.3	13	σκυτῆας	NOUN	Nb	Case=Acc|Gender=Masc|Number=Plur	σκυτεύς	conj	10
7.3	14	συναγαγόντες	VERB	V-	Aspect=Perf|Case=Nom|Gender=Masc|Number=Plur|Tense=Past|VerbForm=Part|Voice=Act	συνάγω	advcl	19
7.3	15	καὶ	CCONJ	C-		καί	cc	10
7.3	16	τέκτονας	NOUN	Nb	Case=Acc|Gender=Masc|Number=Plur	τέκτων	conj	10
7.3	17	καὶ	CCONJ	C-		καί	cc	14
7.3	18	χρυσοχόας	NOUN	A-	Case=Acc|Gender=Masc|Number=Plur	χρυσοχόα	conj	14
7.3	19	διεκλαρώσαμεν	VERB	V-	Aspect=Perf|Mood=Ind|Number=Plur|Person=1|Tense=Past|VerbForm=Fin|Voice=Act	διεκλαρώσα	conj	2
7.3	20	καὶ	CCONJ	C-		καί	cc	19
7.3	21	ἠναγκάσαμεν	VERB	V-	Aspect=Perf|Mood=Ind|Number=Plur|Person=1|Tense=Past|VerbForm=Fin|Voice=Act	ἠναγκάσαμεν	conj	19
7.3	22	,	PUNCT	Z		,	dep	21
7.3	23	ἅν	SCONJ	G-		ὅς	mark	27
7.3	24	χ	ADV	Df		χ	advmod	27
7.3	25	’	AUX	A-	Mood=Opt|Number=Sing|Person=1|Tense=Pres|VerbForm=Fin|Voice=Act	’	xcomp	27
7.3	26	ἕκαστος	ADJ	A-	Case=Nom|Degree=Pos|Gender=Masc|Number=Sing	ἕκαστος	nsubj	27
7.3	27	λάχηι	VERB	V-	Aspect=Perf|Mood=Sub|Number=Sing|Person=3|Tense=Past|VerbForm=Fin|Voice=Act	λάχηι	dep	21
7.3	28	τέχναν	VERB	Nb	Tense=Pres|VerbForm=Inf|Voice=Act	τέχνα	xcomp	27
7.3	29	ἐργάζεσθαι	VERB	V-	Tense=Pres|VerbForm=Inf|Voice=Mid	ἐργάζομαι	xcomp	28
7.3	30	,	PUNCT	Z		,	orphan	27
7.3	31	ἀλλὰ	CCONJ	C-		ἀλλά	cc	27
7.3	32	μὴ	ADV	Df	Polarity=Neg	μή	advmod	34
7.3	33	ἅν	ADV	Df		ὅς	advmod	34
7.3	34	ἐπίσταται	VERB	V-	Mood=Ind|Number=Sing|Person=3|Tense=Pres|VerbForm=Fin|Voice=Mid	ἐπίσταμαι	conj	27
7.3	35	;	PUNCT	Z	PronType=Int	;	xcomp	21
7.4	0	(	PUNCT	Df		(	ROOT	0
7.4	1	(	PUNCT	Ne		(	ROOT	1
7.4	2	4	ADV	Df		4	discourse	1
7.4	3	)	ADV	Z		)	dep	1
7.4	4	)	ADV	Z		)	discourse	1
7.4	5	τωὐτὸν	ADJ	Pd	Case=Acc|Gender=Neut|Number=Sing	τωὐτός	obj	12
7.4	6	δὲ	ADV	Df		δέ	discourse	12
7.4	7	καὶ	ADV	Df		καί	advmod	9
7.4	8	ἐν	ADP	R-		ἐν	case	9
7.4	9	ἀγῶσι	NOUN	Nb	Case=Dat|Gender=Masc|Number=Plur	ἀγών	obl	12
7.4	10	τᾶς	DET	S-	Case=Acc|Definite=Def|Gender=Fem|Number=Plur|PronType=Dem	ὁ	det	11
7.4	11	μωσικᾶς	ADJ	A-	Case=Acc|Degree=Pos|Gender=Fem|Number=Plur	μωσικός	obj	12
7.4	12	διακλαρῶσαι	VERB	V-	Aspect=Perf|Tense=Past|VerbForm=Inf|Voice=Act	διακλαρῶννυμι	conj	1
7.4	13	τὼς	DET	S-	Case=Acc|Definite=Def|Gender=Masc|Number=Plur|PronType=Dem	τώς	det	14
7.4	14	ἀγωνιστὰς	NOUN	Nb	Case=Acc|Gender=Masc|Number=Plur	ἀγωνιστής	obj	12
7.4	15	καὶ	CCONJ	C-		καί	cc	12
7.4	16	ὅ	PRON	Pr	Case=Acc|Gender=Neut|Number=Sing|PronType=Rel	ὅς	obj	24
7.4	17	τι	DET	Px	Case=Acc|Gender=Neut|Number=Sing	τίς	det	16
7.4	18	χ	ADV	Df		χ	advmod	24
7.4	19	’	SCONJ	Pp		’	nmod	20
7.4	20	ἕκαστος	ADJ	A-	Case=Nom|Degree=Pos|Gender=Masc|Number=Sing	ἕκαστος	nsubj	24
7.4	21	[	PUNCT	V-		[	orphan	20
7.4	22	κα	ADV	Df		κα	advmod	24
7.4	23	]	ADV	Z		]	advmod	24
7.4	24	λάχηι	VERB	V-	Aspect=Perf|Mood=Sub|Number=Sing|Person=3|Tense=Past|VerbForm=Fin|Voice=Act	λάχηι	conj	12
7.4	25	,	PUNCT	Z		,	appos	5
7.4	26	ἀγωνίζεσθαι	VERB	V-	Tense=Pres|VerbForm=Inf|Voice=Mid	ἀγωνίζομαι	xcomp	25
7.4	27	·	PUNCT	Z		·	punct	1
7.4	28	αὐλητὰς	NOUN	Nb	Case=Nom|Gender=Masc|Number=Sing	αὐλητής	nsubj	29
7.4	29	κιθαρίξει	VERB	V-	Mood=Ind|Number=Sing|Person=3|Tense=Fut|VerbForm=Fin|Voice=Act	κιθαρίκω	ROOT	29
7.4	30	τυχὸν	ADV	Df		τυγχάνω	advmod	29
7.4	31	καὶ	CCONJ	C-		καί	cc	29
7.4	32	κιθαρωιδὸς	NOUN	Nb	Case=Gen|Gender=Fem|Number=Sing	κιθαρωιδός	iobj	33
7.4	33	αὐλήσει	VERB	V-	Mood=Ind|Number=Sing|Person=3|Tense=Fut|VerbForm=Fin|Voice=Act	αὐλέω	conj	29
7.4	34	·	PUNCT	Z		·	punct	29
7.4	35	καὶ	CCONJ	C-		καί	cc	48
7.4	36	ἐν	ADP	R-		ἐν	case	38
7.4	37	τῶι	DET	S-	Case=Dat|Definite=Def|Gender=Masc|Number=Sing|PronType=Dem	τῷ	det	38
7.4	38	πολέμωι	NOUN	Nb	Case=Dat|Gender=Masc|Number=Sing	πολέμωι	obl	48
7.4	39	[	PUNCT	Df		[	discourse	48
7.4	40	τὼς	DET	S-	Case=Acc|Definite=Def|Gender=Masc|Number=Plur|PronType=Dem	τώς	det	42
7.4	41	]	ADV	Z		]	amod	42
7.4	42	τοξότας	NOUN	Nb	Case=Acc|Gender=Masc|Number=Plur	τοξότης	obj	48
7.4	43	καὶ	CCONJ	C-		καί	cc	42
7.4	44	[	PUNCT	Df		[	conj	42
7.4	45	τὼς	ADV	Df		τώς	det	47
7.4	46	]	ADV	Z		]	amod	47
7.4	47	ὁπλίτας	NOUN	Nb	Case=Acc|Gender=Masc|Number=Plur	ὁπλίτης	conj	44
7.4	48	ἱππασεῖται	VERB	V-	Mood=Ind|Number=Sing|Person=3|Tense=Fut|VerbForm=Fin|Voice=Mid	ἱππασεῖτης	ROOT	48
7.4	49	,	PUNCT	Z		,	punct	48
7.4	50	ὁ	DET	S-	Case=Nom|Definite=Def|Gender=Masc|Number=Sing|PronType=Dem	ὁ	det	52
7.4	51	δὲ	ADV	Df		δέ	discourse	53
7.4	52	ἱππεὺς	NOUN	Nb	Case=Nom|Gender=Masc|Number=Sing	ἱππεύς	nsubj	53
7.4	53	τοξεύσει	VERB	V-	Mood=Ind|Number=Sing|Person=3|Tense=Fut|VerbForm=Fin|Voice=Act	τοξεύζω	ROOT	53
7.4	54	,	PUNCT	Z		,	obl	53
7.4	55	ὥστε	ADV	Df		ὥστε	advmod	59
7.4	56	πάντες	ADJ	Px	Case=Nom|Gender=Masc|Number=Plur	πᾶς	nsubj	59
7.4	57	ἃ	PRON	Pr	Case=Acc|Gender=Neut|Number=Plur|PronType=Rel	ὅς	obj	59
7.4	58	οὐκ	ADV	Df	Polarity=Neg	οὐ	advmod	59
7.4	59	ἐπίστανται	VERB	V-	Mood=Ind|Number=Plur|Person=3|Tense=Pres|VerbForm=Fin|Voice=Mid	ἐπίσταμαι	advcl	53
7.4	60	οὐδὲ	CCONJ	C-		οὐδέ	cc	59
7.4	61	δύνανται	VERB	V-	Mood=Ind|Number=Plur|Person=3|Tense=Pres|VerbForm=Fin|Voice=Mid	δύναμαι	conj	59
7.4	62	,	PUNCT	Z		,	obl	53
7.4	63	[	PUNCT	C-		[	cc	67
7.4	64	οὐ	ADV	Df	Polarity=Neg	οὐ	advmod	67
7.4	65	δὲ	ADV	Df		δέ	discourse	67
7.4	66	]	ADV	Z		]	advmod	67
7.4	67	πραξοῦντι	VERB	V-	Mood=Ind|Number=Plur|Person=3|Tense=Fut|VerbForm=Fin|Voice=Act	πραξέω	ROOT	67
7.4	68	.	PUNCT	Z		.	punct	67
7.5	0	(	PUNCT	Df		(	ROOT	0
7.5	1	(	PUNCT	Pk		(	case	0
7.5	2	5	ADV	Df		5	dep	0
7.5	3	)	ADV	Z		)	dep	0
7.5	4	)	ADV	Z		)	discourse	0
7.5	5	λέγοντι	VERB	V-	Mood=Ind|Number=Plur|Person=3|Tense=Pres|VerbForm=Fin|Voice=Act	λέγω	conj	0
7.5	6	δὲ	ADV	Df		δέ	discourse	5
7.5	7	καὶ	CCONJ	C-		καί	cc	8
7.5	8	ἀγαθὸν	ADJ	A-	Case=Acc|Degree=Pos|Gender=Masc|Number=Sing	ἀγαθός	obj	5
7.5	9	ἦμεν	AUX	V-	Tense=Pres|VerbForm=Inf|Voice=Act	εἰμί	cop	8
7.5	10	καὶ	CCONJ	C-		καί	cc	8
7.5	11	δαμοτικὸν	ADJ	A-	Case=Acc|Degree=Pos|Gender=Masc|Number=Sing	δαμοτικός	conj	8
7.5	12	κάρτα	ADV	Df		κάρτα	advmod	11
7.5	13	·	PUNCT	Z		·	ROOT	13
7.5	14	ἐγὼ	PRON	Pp	Case=Nom|Gender=Masc|Number=Sing|Person=1|PronType=Prs	ἐγώ	nsubj	16
7.5	15	ἥκιστα	ADV	Df	Degree=Sup	ἦκα	advmod	16
7.5	16	νομίζω	VERB	V-	Mood=Ind|Number=Sing|Person=1|Tense=Pres|VerbForm=Fin|Voice=Act	νομίζω	ROOT	16
7.5	17	δαμοτικόν	ADJ	A-	Case=Acc|Degree=Pos|Gender=Masc|Number=Sing	δαμοτικός	xcomp	16
7.5	18	.	PUNCT	Z		.	punct	16
7.5	19	ἐντὶ	AUX	V-	Mood=Ind|Number=Plur|Person=3|Tense=Pres|VerbForm=Fin|Voice=Act	εἰμί	cop	26
7.5	20	γὰρ	ADV	Df		γάρ	discourse	25
7.5	21	ἐν	ADP	R-		ἐν	case	23
7.5	22	ταῖς	DET	S-	Case=Dat|Definite=Def|Gender=Fem|Number=Plur|PronType=Dem	ὁ	det	23
7.5	23	πόλεσι	NOUN	Nb	Case=Dat|Gender=Fem|Number=Plur	πόλις	nmod	25
7.5	24	μισόδαμοι	ADJ	A-	Case=Nom|Degree=Pos|Gender=Masc|Number=Plur	μισόδαμος	amod	25
7.5	25	ἄνθρωποι	NOUN	Nb	Case=Nom|Gender=Masc|Number=Plur	ἄνθρωπος	nsubj	19
7.5	26	,	PUNCT	Z		,	ROOT	26
7.5	27	ὧν	ADV	Df		ὅς	discourse	30
7.5	28	αἴ	SCONJ	G-		εἰ	mark	30
7.5	29	κα	ADV	Df		κα	advmod	30
7.5	30	τύχηι	VERB	V-	Aspect=Perf|Mood=Sub|Number=Sing|Person=3|Tense=Past|VerbForm=Fin|Voice=Act	τύχηι	acl	25
7.5	31	ὁ	DET	S-	Case=Nom|Definite=Def|Gender=Masc|Number=Sing|PronType=Dem	ὁ	det	32
7.5	32	κύαμος	NOUN	Nb	Case=Nom|Gender=Masc|Number=Sing	κύαμος	nsubj	30
7.5	33	,	PUNCT	Z		,	appos	26
7.5	34	ἀπολοῦντι	VERB	V-	Aspect=Perf|Case=Dat|Gender=Masc|Number=Sing|Tense=Past|VerbForm=Part|Voice=Act	ἀπολέω	advcl	33
7.5	35	τὸν	DET	S-	Case=Acc|Definite=Def|Gender=Masc|Number=Sing|PronType=Dem	ὁ	det	36
7.5	36	δᾶμον	NOUN	Nb	Case=Acc|Gender=Masc|Number=Sing	δᾶμος	obj	34
7.5	37	.	PUNCT	Z		.	ROOT	37
7.6	0	(	PUNCT	Df		(	case	1
7.6	1	(	PUNCT	Pk		(	ROOT	1
7.6	2	6	ADV	Df		6	discourse	1
7.6	3	)	ADV	Z		)	dep	1
7.6	4	)	ADV	Z		)	discourse	1
7.6	5	ἀλλὰ	CCONJ	C-		ἀλλά	cc	6
7.6	6	χρὴ	VERB	V-	Mood=Ind|Number=Sing|Person=3|Tense=Pres|VerbForm=Fin|Voice=Act	χρή	conj	1
7.6	7	τὸν	DET	S-	Case=Acc|Definite=Def|Gender=Masc|Number=Sing|PronType=Dem	ὁ	det	8
7.6	8	δᾶμον	NOUN	Nb	Case=Acc|Gender=Masc|Number=Sing	δᾶμος	nsubj	11
7.6	9	αὐτὸν	DET	Pd	Case=Acc|Gender=Masc|Number=Sing	αὐτός	det	8
7.6	10	ὁρῶντα	VERB	V-	Case=Acc|Gender=Masc|Number=Sing|Tense=Pres|VerbForm=Part|Voice=Act	ὁράω	advcl	11
7.6	11	αἱρεῖσθαι	VERB	V-	Tense=Pres|VerbForm=Inf|Voice=Mid	αἱρέω	ccomp	6
7.6	12	πάντας	ADJ	Px	Case=Acc|Gender=Masc|Number=Plur	πᾶς	obj	11
7.6	13	τὼς	DET	S-	Case=Acc|Definite=Def|Gender=Masc|Number=Plur|PronType=Dem	τώς	det	14
7.6	14	εὔνως	ADV	Df	Degree=Pos	εὔνως	advmod	11
7.6	15	αὐτῶι	PRON	Pp	Case=Dat|Gender=Masc|Number=Sing|Person=3|PronType=Prs	αὐτῶι	iobj	14
7.6	16	,	PUNCT	Z		,	appos	12
7.6	17	καὶ	CCONJ	C-		καί	cc	11
7.6	18	τὼς	DET	S-	Case=Acc|Definite=Def|Gender=Masc|Number=Plur|PronType=Dem	τώς	det	19
7.6	19	ἐπιταδείως	ADV	Df	Degree=Pos	ἐπιταδεῖος	conj	11
7.6	20	στραταγέν	VERB	V-	Aspect=Perf|Tense=Past|VerbForm=Inf|Voice=Act	στρατήγνυμι	xcomp	11
7.6	21	,	PUNCT	Z		,	obl	11
7.6	22	ἁτέρως	ADV	Df	Degree=Pos	ἁτέρως	advmod	24
7.6	23	δὲ	ADV	Df		δέ	discourse	24
7.6	24	νομοφυλακὲν	VERB	V-	Tense=Pres|VerbForm=Inf|Voice=Act	νομοφυλακὲν	conj	11
7.6	25	καὶ	ADV	Df		καί	advmod	26
7.6	26	τἆ	ADJ	Px	Case=Acc|Gender=Neut|Number=Plur	τἆ	obl	11
7.6	27	λλα	ADJ	Px	Case=Acc|Gender=Neut|Number=Plur	λλα	obl	11
7.6	28	.	PUNCT	Z		.	punct	1
8.1	0	(	PUNCT	Df		(	ROOT	0
8.1	1	(	PUNCT	Pp		(	case	0
8.1	2	1	ADV	Df		1	discourse	0
8.1	3	)	ADV	Z		)	discourse	2
8.1	4	)	ADV	Z		)	discourse	0
8.1	5	〈	ADV	Df		〈	discourse	14
8.1	6	τῶ	DET	S-	Case=Dat|Definite=Def|Gender=Masc,Neut|Number=Sing|PronType=Dem	ὁ	det	7
8.1	7	αὐτῶ	DET	Pd	Case=Dat|Gender=Masc,Neut|Number=Sing	αὐτοῦ	dislocated	14
8.1	8	〉	ADV	Df		〉	amod	9
8.1	9	ἀνδρὸς	NOUN	Nb	Case=Gen|Gender=Masc|Number=Sing	ἀνήρ	nmod	25
8.1	10	καὶ	ADV	Df		καί	advmod	13
8.1	11	τᾶς	DET	S-	Case=Acc|Definite=Def|Gender=Fem|Number=Plur|PronType=Dem	ὁ	det	13
8.1	12	αὐτᾶς	DET	Pd	Case=Acc|Gender=Fem|Number=Plur	αὐτός	det	13
8.1	13	τέχνας	NOUN	Nb	Case=Acc|Gender=Fem|Number=Plur	τέχνη	nsubj	18
8.1	14	νομίζω	VERB	V-	Mood=Ind|Number=Sing|Person=1|Tense=Pres|VerbForm=Fin|Voice=Act	νομίζω	parataxis	0
8.1	15	κατὰ	ADP	R-		κατά	case	16
8.1	16	βραχύ	ADJ	A-	Case=Acc|Degree=Pos|Gender=Neut|Number=Sing	βραχύς	advmod	18
8.1	17	τε	CCONJ	C-		τε	cc	18
8.1	18	δύνασθαι	VERB	V-	Tense=Pres|VerbForm=Inf|Voice=Mid	δύναμαι	ccomp	14
8.1	19	διαλέγεσθαι	VERB	V-	Tense=Pres|VerbForm=Inf|Voice=Mid	διαλέγω	xcomp	18
8.1	20	,	PUNCT	Z		,	dep	18
8.1	21	καὶ	CCONJ	C-		καί	cc	18
8.1	22	〈	ADP	R-		〈	dep	18
8.1	23	τὰν	DET	S-	Case=Acc|Definite=Def|Gender=Fem|Number=Sing|PronType=Dem	ὅς	det	25
8.1	24	〉	ADJ	A-	Case=Acc|Degree=Pos|Gender=Fem|Number=Sing	〉	amod	25
8.1	25	ἀλάθειαν	NOUN	Nb	Case=Acc|Gender=Fem|Number=Sing	ἀλήθεια	obj	28
8.1	26	τῶν	DET	S-	Case=Gen|Definite=Def|Number=Plur|PronType=Dem	ὁ	det	27
8.1	27	πραγμάτων	NOUN	Nb	Case=Gen|Gender=Neut|Number=Plur	πρᾶγμα	nmod	25
8.1	28	ἐπίστασθαι	VERB	V-	Tense=Pres|VerbForm=Inf|Voice=Mid	ἐπίσταμαι	xcomp	18
8.1	29	,	PUNCT	Z		,	dep	18
8.1	30	καὶ	CCONJ	C-		καί	cc	18
8.1	31	δικάζεν	VERB	V-	Tense=Pres|VerbForm=Inf|Voice=Act	δικάζεν	conj	18
8.1	32	ἐπίστασθαι	VERB	V-	Tense=Pres|VerbForm=Inf|Voice=Mid	ἐπίσταμαι	xcomp	31
8.1	33	ὀρθῶς	ADV	Df	Degree=Pos	ὀρθῶς	advmod	32
8.1	34	,	PUNCT	Z		,	dep	14
8.1	35	καὶ	CCONJ	C-		καί	cc	14
8.1	36	δαμαγορεῖν	VERB	V-	Tense=Pres|VerbForm=Inf|Voice=Act	δαμαγορίσκω	nsubj	37
8.1	37	οἷόν	ADJ	A-	Case=Acc|Degree=Pos|Gender=Masc|Number=Sing	οἷος	ccomp	14
8.1	38	τ’	ADV	Df		τ’	discourse	37
8.1	39	ἦμεν	AUX	V-	Tense=Pres|VerbForm=Inf|Voice=Act	εἰμί	cop	37
8.1	40	,	PUNCT	Z		,	dep	14
8.1	41	καὶ	CCONJ	C-		καί	cc	44
8.1	42	λόγων	NOUN	Nb	Case=Gen|Gender=Masc|Number=Plur	λόγος	nmod	43
8.1	43	τέχνας	NOUN	Nb	Case=Acc|Gender=Fem|Number=Plur	τέχνη	obj	44
8.1	44	ἐπίστασθαι	VERB	V-	Aspect=Perf|Tense=Past|VerbForm=Inf|Voice=Mid	ἐπίσταμαι	conj	0
8.1	45	,	PUNCT	Z		,	ROOT	45
8.1	46	καὶ	CCONJ	C-		καί	ROOT	46
8.1	47	περὶ	ADP	R-		περί	case	48
8.1	48	φύσιος	NOUN	Nb	Case=Gen|Gender=Fem|Number=Sing	φύσις	obl	57
8.1	49	τῶν	DET	S-	Case=Gen|Definite=Def|Number=Plur|PronType=Dem	ὁ	det	50
8.1	50	ἁπάντων	ADJ	A-	Case=Gen|Degree=Pos|Gender=Neut|Number=Plur	ἅπας	nmod	48
8.1	51	ὥς	ADV	Du	PronType=Int	ὡς	advmod	53
8.1	52	τε	CCONJ	C-		τε	cc	53
8.1	53	ἔχει	VERB	V-	Mood=Ind|Number=Sing|Person=3|Tense=Pres|VerbForm=Fin|Voice=Act	ἔχω	acl	48
8.1	54	καὶ	CCONJ	C-		καί	cc	53
8.1	55	ὡς	SCONJ	G-		ὡς	mark	56
8.1	56	ἐγένετο	VERB	V-	Aspect=Perf|Mood=Ind|Number=Sing|Person=3|Tense=Past|VerbForm=Fin|Voice=Mid	γίγνομαι	conj	53
8.1	57	,	PUNCT	Z		,	ROOT	57
8.1	58	διδάσκεν	VERB	V-	Tense=Pres|VerbForm=Inf|Voice=Act	διδάσκεν	ROOT	58
8.1	59	.	PUNCT	Z		.	punct	58
8.2	0	(	PUNCT	Pp		(	cc	2
8.2	1	(	PUNCT	Pp		(	dep	0
8.2	2	2	ADV	Df		2	ROOT	2
8.2	3	)	CCONJ	Z		)	discourse	2
8.2	4	)	ADV	Z		)	dep	2
8.2	5	καὶ	CCONJ	C-		καί	cc	2
8.2	6	πρῶτον	ADJ	Mo	Case=Acc|Gender=Neut|Number=Sing	πρῶτος	advmod	13
8.2	7	μὲν	ADV	Df		μέν	discourse	6
8.2	8	ὁ	DET	S-	Case=Nom|Definite=Def|Gender=Masc|Number=Sing|PronType=Dem	ὁ	det	13
8.2	9	περὶ	ADP	R-		περί	case	10
8.2	10	φύσιος	NOUN	Nb	Case=Gen|Gender=Fem|Number=Sing	φύσις	obl	13
8.2	11	τῶν	DET	S-	Case=Gen|Definite=Def|Number=Plur|PronType=Dem	ὁ	det	12
8.2	12	ἁπάντων	ADJ	A-	Case=Gen|Degree=Pos|Gender=Masc|Number=Plur	ἅπας	nmod	10
8.2	13	εἰδώς	VERB	V-	Aspect=Perf|Case=Nom|Gender=Masc|Number=Sing|Tense=Past|VerbForm=Part|Voice=Act	οἶδα	conj	2
8.2	14	,	PUNCT	Z		,	punct	2
8.2	15	πῶς	ADV	Du	PronType=Int	πῶς	advmod	17
8.2	16	οὐ	ADV	Df	Polarity=Neg	οὐ	advmod	17
8.2	17	δυνασεῖται	VERB	V-	Mood=Ind|Number=Sing|Person=3|Tense=Fut|VerbForm=Fin|Voice=Mid	δυνασεῖμι	ROOT	17
8.2	18	περὶ	ADP	R-		περί	case	19
8.2	19	πάντων	ADJ	Px	Case=Gen|Gender=Neut|Number=Plur	πᾶς	obl	17
8.2	20	ὀρθῶς	ADV	Df	Degree=Pos	ὀρθῶς	advmod	17
8.2	21	καὶ	CCONJ	C-		καί	cc	20
8.2	22	〈	ADP	A-		〈	nmod	24
8.2	23	τὰν	DET	S-	Case=Acc|Definite=Def|Gender=Fem|Number=Sing|PronType=Dem	ὅς	det	24
8.2	24	πόλιν	NOUN	Nb	Case=Acc|Gender=Fem|Number=Sing	πόλις	obj	25
8.2	25	διδάσκεν	VERB	V-	Tense=Pres|VerbForm=Inf|Voice=Act	διδάσκεν	conj	20
8.2	26	〉	ADV	Df		〉	obj	25
8.2	27	πράσσεν	VERB	V-	Tense=Pres|VerbForm=Inf|Voice=Act	πράσσεν	xcomp	25
8.2	28	;	PUNCT	Z		;	xcomp	17
8.3	0	(	PUNCT	R-		(	ROOT	0
8.3	1	(	PUNCT	Df		(	dep	0
8.3	2	3	ADV	Df		3	discourse	13
8.3	3	)	CCONJ	Z		)	dep	2
8.3	4	)	CCONJ	Z		)	dep	2
8.3	5	ἔτι	ADV	Df		ἔτι	discourse	13
8.3	6	δὲ	ADV	Df		δέ	discourse	13
8.3	7	ὁ	DET	S-	Case=Nom|Definite=Def|Gender=Masc|Number=Sing|PronType=Dem	ὁ	det	12
8.3	8	τὰς	DET	S-	Case=Acc|Definite=Def|Gender=Fem|Number=Plur|PronType=Dem	ὁ	det	9
8.3	9	τέχνας	NOUN	Nb	Case=Acc|Gender=Fem|Number=Plur	τέχνη	obj	12
8.3	10	τῶν	DET	S-	Case=Gen|Definite=Def|Gender=Masc|Number=Plur|PronType=Dem	ὁ	det	11
8.3	11	λόγων	NOUN	Nb	Case=Gen|Gender=Masc|Number=Plur	λόγος	nmod	9
8.3	12	εἰδὼς	VERB	V-	Aspect=Perf|Case=Nom|Gender=Masc|Number=Sing|Tense=Past|VerbForm=Part|Voice=Act	οἶδα	nsubj	13
8.3	13	ἐπιστασεῖται	VERB	V-	Mood=Ind|Number=Sing|Person=3|Tense=Fut|VerbForm=Fin|Voice=Mid	ἐπιστασεῖται	ROOT	13
8.3	14	καὶ	CCONJ	C-		καί	cc	13
8.3	15	περὶ	ADP	R-		περί	case	16
8.3	16	πάντων	ADJ	Px	Case=Gen|Gender=Neut|Number=Plur	πᾶς	obl	18
8.3	17	ὀρθῶς	ADV	Df	Degree=Pos	ὀρθῶς	advmod	18
8.3	18	λέγεν	VERB	V-	Tense=Pres|VerbForm=Inf|Voice=Act	λεέγω	conj	13
8.3	19	.	PUNCT	Z		.	punct	13
8.4	0	(	PUNCT	Df		(	dep	1
8.4	1	(	PUNCT	Df		(	dep	5
8.4	2	4	ADV	Df		4	discourse	1
8.4	3	)	ADV	Z		)	discourse	2
8.4	4	)	CCONJ	Z		)	dep	1
8.4	5	δεῖ	VERB	V-	Mood=Ind|Number=Sing|Person=3|Tense=Pres|VerbForm=Fin|Voice=Act	δεῖ	ROOT	5
8.4	6	γὰρ	ADV	Df		γάρ	discourse	5
8.4	7	τὸν	DET	S-	Case=Acc|Definite=Def|Gender=Masc|Number=Sing|PronType=Dem	ὁ	det	8
8.4	8	μέλλοντα	VERB	V-	Case=Acc|Gender=Masc|Number=Sing|Tense=Pres|VerbForm=Part|Voice=Act	μέλλω	nsubj	10
8.4	9	ὀρθῶς	ADV	Df	Degree=Pos	ὀρθῶς	advmod	10
8.4	10	λέγειν	VERB	V-	Tense=Pres|VerbForm=Inf|Voice=Act	λέγω	ccomp	5
8.4	11	,	PUNCT	Z		,	punct	5
8.4	12	περὶ	ADP	R-		περί	case	14
8.4	13	ὧν	PRON	Pr	Case=Gen|Gender=Neut|Number=Plur|PronType=Rel	ὅς	obj	14
8.4	14	ἐπίσταται	VERB	V-	Mood=Ind|Number=Sing|Person=3|Tense=Pres|VerbForm=Fin|Voice=Mid	ἐπίσταμαι	ROOT	14
8.4	15	,	PUNCT	Z		,	punct	14
8.4	16	περὶ	ADP	R-		περί	case	17
8.4	17	τούτων	ADJ	Pd	Case=Gen|Gender=Neut|Number=Plur	οὗτος	obl	18
8.4	18	λέγεν	VERB	V-	Tense=Pres|VerbForm=Inf|Voice=Act	λέγα	ROOT	18
8.4	19	.	PUNCT	Z		.	punct	18
8.4	20	πάντ	ADJ	Px	Case=Acc|Gender=Neut|Number=Plur	πάντ	obj	26
8.4	21	’	CCONJ	C-		’	appos	20
8.4	22	ὧν	ADV	Pr		ὅς	dep	21
8.4	23	[	PUNCT	V-		[	discourse	26
8.4	24	γὰρ	ADV	Df		γάρ	discourse	26
8.4	25	]	ADV	Z		]	advmod	26
8.4	26	ἐπιστασεῖται	VERB	V-	Mood=Ind|Number=Sing|Person=3|Tense=Fut|VerbForm=Fin|Voice=Mid	ἐπιστασεῖται	ROOT	26
8.4	27	.	PUNCT	Z		.	punct	26
8.5	0	(	PUNCT	Df		(	cc	2
8.5	1	(	PUNCT	C-		(	dep	0
8.5	2	5	ADV	Df		5	ROOT	2
8.5	3	)	ADV	Z		)	discourse	2
8.5	4	)	ADV	Z		)	advmod	2
8.5	5	πάντων	DET	Px	Case=Gen|Gender=Masc|Number=Plur	πᾶς	det	11
8.5	6	μὲν	ADV	Df		μέν	discourse	12
8.5	7	γὰρ	ADV	Df		γάρ	discourse	12
8.5	8	τῶν	DET	S-	Case=Gen|Definite=Def|Gender=Masc|Number=Plur|PronType=Dem	ὁ	det	9
8.5	9	λόγων	NOUN	Nb	Case=Gen|Gender=Masc|Number=Plur	λόγος	nmod	11
8.5	10	τὰς	DET	S-	Case=Acc|Definite=Def|Gender=Fem|Number=Plur|PronType=Dem	ὁ	det	11
8.5	11	τέχνας	NOUN	Nb	Case=Acc|Gender=Fem|Number=Plur	τέχνη	obj	12
8.5	12	ἐπίσταται	VERB	V-	Mood=Ind|Number=Sing|Person=3|Tense=Pres|VerbForm=Fin|Voice=Mid	ἐπίσταμαι	dep	2
8.5	13	,	PUNCT	Z		,	punct	2
8.5	14	τοὶ	PRON	Pp	Case=Dat|Gender=Masc|Number=Sing|Person=2|PronType=Prs	σύ	det	16
8.5	15	δὲ	ADV	Df		δέ	discourse	22
8.5	16	λόγοι	NOUN	Nb	Case=Nom|Gender=Masc|Number=Plur	λόγος	nsubj	22
8.5	17	πάντες	DET	Px	Case=Nom|Gender=Masc|Number=Plur	πᾶς	det	16
8.5	18	περὶ	ADP	R-		περί	case	19
8.5	19	πάντων	ADJ	Px	Case=Gen|Gender=Masc|Number=Plur	πᾶς	obl	22
8.5	20	τῶν	DET	S-	Case=Gen|Definite=Def|Gender=Neut|Number=Plur|PronType=Dem	ὁ	det	21
8.5	21	ἐ〈όντων	AUX	Pd	Case=Gen|Gender=Masc|Number=Plur|Tense=Pres|VerbForm=Part|Voice=Act	ἐ〈όντων	dep	19
8.5	22	ἐντί〉.	AUX	V-	Mood=Ind|Number=Plur|Person=3|Tense=Pres|VerbForm=Fin|Voice=Act	ἐντί〉.	ROOT	22
8.6	0	(	PUNCT	Df		(	dep	1
8.6	1	(	PUNCT	Pp	Case=Nom|Gender=Masc|Number=Sing|PronType=Rel	(	ROOT	1
8.6	2	6	ADV	Df		6	dislocated	5
8.6	3	)	ADV	Z		)	dep	2
8.6	4	)	CCONJ	Z		)	cc	5
8.6	5	δεῖ	VERB	V-	Mood=Ind|Number=Sing|Person=3|Tense=Pres|VerbForm=Fin|Voice=Act	δεῖ	ROOT	5
8.6	6	δὲ	ADV	Df		δέ	discourse	5
8.6	7	ἐπίστασθαι	VERB	V-	Tense=Pres|VerbForm=Inf|Voice=Mid	ἐπίσταμαι	ccomp	5
8.6	8	τὸν	DET	S-	Case=Acc|Definite=Def|Gender=Masc|Number=Sing|PronType=Dem	ὁ	det	9
8.6	9	μέλλοντα	VERB	V-	Case=Acc|Gender=Masc|Number=Sing|Tense=Pres|VerbForm=Part|Voice=Act	μέλλω	obj	7
8.6	10	ὀρθῶς	ADV	Df	Degree=Pos	ὀρθῶς	advmod	11
8.6	11	λέγεν	VERB	V-	Tense=Pres|VerbForm=Inf|Voice=Act	λέγα	xcomp	7
8.6	12	,	PUNCT	Z	Aspect=Imp|Mood=Ind|Number=Sing|Person=3|Tense=Past|VerbForm=Fin|Voice=Act	,	cc	5
8.6	13	περὶ	ADP	R-		περί	case	14
8.6	14	ὅτων	PRON	Pr	Case=Gen|Gender=Neut|Number=Plur|PronType=Rel	ὅστις	obl	16
8.6	15	κα	ADV	Df		κα	advmod	16
8.6	16	λέγηι	VERB	V-	Mood=Sub|Number=Sing|Person=3|Tense=Pres|VerbForm=Fin|Voice=Act	λέγηι	ccomp	5
8.6	17	,	PUNCT	Z	Aspect=Imp|Mood=Ind|Number=Sing|Person=3|Tense=Past|VerbForm=Fin|Voice=Act	,	cc	5
8.6	18	〈	CCONJ	C-		〈	cc	5
8.6	19	τὰ	DET	S-	Case=Acc|Definite=Def|Gender=Neut|Number=Plur|PronType=Dem	ὁ	det	20
8.6	20	πράγματα	NOUN	Nb	Case=Acc|Gender=Neut|Number=Plur	πρᾶγμα	nsubj	5
8.6	21	〉	VERB	V-	Tense=Pres|VerbForm=Inf|Voice=Act	〉	cc	5
8.6	22	,	PUNCT	Z	Aspect=Imp|Mood=Ind|Number=Sing|Person=3|Tense=Past|VerbForm=Fin|Voice=Act	,	cc	5
8.6	23	καὶ	CCONJ	C-		καί	cc	5
8.6	24	τὰ	DET	S-	Case=Acc|Definite=Def|Gender=Neut|Number=Plur|PronType=Dem	ὁ	det	26
8.6	25	μὲν	ADV	Df		μέν	discourse	28
8.6	26	ἀγαθὰ	ADJ	A-	Case=Acc|Degree=Pos|Gender=Neut|Number=Plur	ἀγαθός	obj	28
8.6	27	ὀρθῶς	ADV	Df	Degree=Pos	ὀρθῶς	advmod	28
8.6	28	διδάσκεν	VERB	V-	Tense=Pres|VerbForm=Inf|Voice=Act	διδάσκεν	conj	5
8.6	29	τὴν	DET	S-	Case=Acc|Definite=Def|Gender=Fem|Number=Sing|PronType=Dem	ὁ	det	30
8.6	30	πόλιν	NOUN	Nb	Case=Acc|Gender=Fem|Number=Sing	πόλις	obj	28
8.6	31	πράσσεν	VERB	V-	Tense=Pres|VerbForm=Inf|Voice=Act	πράσσεν	xcomp	28
8.6	32	,	PUNCT	Z		,	conj	28
8.6	33	τὰ	DET	S-	Case=Acc|Definite=Def|Gender=Neut|Number=Plur|PronType=Dem	ὁ	det	35
8.6	34	δὲ	ADV	Df		δέ	discourse	37
8.6	35	κακά	ADJ	A-	Case=Acc|Degree=Pos|Gender=Neut|Number=Plur	κακός	obj	37
8.6	36	τως	ADV	Df		τως	advmod	37
8.6	37	κωλύειν	VERB	V-	Tense=Pres|VerbForm=Inf|Voice=Act	κωλύω	conj	32
8.6	38	.	PUNCT	Z		.	punct	5
8.7	0	(	PUNCT	Df		(	ROOT	0
8.7	1	(	PUNCT	Pp		(	dep	0
8.7	2	7	ADV	Df		7	dep	0
8.7	3	)	ADV	Z		)	dep	0
8.7	4	)	ADV	Z		)	discourse	8
8.7	5	εἰδὼς	VERB	V-	Aspect=Perf|Case=Nom|Gender=Masc|Number=Sing|Tense=Past|VerbForm=Part|Voice=Act	οἶδα	advcl	8
8.7	6	δὲ	ADV	Df		δέ	discourse	8
8.7	7	ταῦτα	ADJ	Pd	Case=Acc|Gender=Neut|Number=Plur	οὗτος	obj	5
8.7	8	εἰδήσει	VERB	V-	Mood=Ind|Number=Sing|Person=3|Tense=Fut|VerbForm=Fin|Voice=Act	εἰδέω	conj	0
8.7	9	καὶ	ADV	Df		καί	advmod	11
8.7	10	τὰ	DET	S-	Case=Acc|Definite=Def|Gender=Neut|Number=Plur|PronType=Dem	ὁ	det	11
8.7	11	ἅτερα	ADJ	R-	Case=Acc|Degree=Pos|Gender=Neut|Number=Plur	ἅτερος	obj	8
8.7	12	τούτων	ADJ	Pd	Case=Gen|Gender=Neut|Number=Plur	οὗτος	iobj	11
8.7	13	·	PUNCT	Z		·	punct	0
8.7	14	πάντα	ADJ	Px	Case=Nom|Gender=Neut|Number=Plur	πᾶς	nsubj	16
8.7	15	γὰρ	ADV	Df		γάρ	discourse	16
8.7	16	ἐπιστασεῖται	VERB	V-	Mood=Ind|Number=Sing|Person=3|Tense=Fut|VerbForm=Fin|Voice=Mid	ἐπιστασεῖται	ROOT	16
8.7	17	·	PUNCT	Z		·	punct	16
8.7	18	ἔστι	AUX	V-	Mood=Ind|Number=Sing|Person=3|Tense=Pres|VerbForm=Fin|Voice=Act	εἰμί	cop	23
8.7	19	γὰρ	ADV	Df		γάρ	discourse	23
8.7	20	ταὐτὰ	ADJ	Pd	Case=Nom|Gender=Neut|Number=Plur	αὐτός	nsubj	23
8.7	21	τῶν	DET	S-	Case=Gen|Definite=Def|Number=Plur|PronType=Dem	ὁ	det	22
8.7	22	πάντων	ADJ	Px	Case=Gen|Gender=Neut|Number=Plur	πᾶς	nmod	20
8.7	23	τῆνα	ADJ	A-	Case=Nom|Degree=Pos|Gender=Fem|Number=Sing	τήν	ROOT	23
8.7	24	,	PUNCT	Z		,	punct	23
8.7	25	〈	CCONJ	C-		〈	cc	33
8.7	26	ὁ	DET	S-	Case=Nom|Definite=Def|Gender=Masc|Number=Sing|PronType=Dem	ὁ	det	27
8.7	27	〉	PROPN	Ne	Case=Nom|Gender=Masc|Number=Sing	〉	nsubj	33
8.7	28	δὲ	ADV	Df		δέ	discourse	33
8.7	29	ποτὶ	ADP	R-		πρός	case	30
8.7	30	τωὐτὸν	ADJ	Pd	Case=Acc|Gender=Neut|Number=Sing	τωὐτός	obl	33
8.7	31	τὰ	DET	S-	Case=Acc|Definite=Def|Gender=Neut|Number=Plur|PronType=Dem	ὁ	det	32
8.7	32	δέοντα	VERB	V-	Case=Acc|Gender=Neut|Number=Plur|Tense=Pres|VerbForm=Part|Voice=Act	δέω	obj	33
8.7	33	πράξει	VERB	V-	Mood=Ind|Number=Sing|Person=3|Tense=Fut|VerbForm=Fin|Voice=Act	πρᾶξις	ROOT	33
8.7	34	,	PUNCT	Z		,	punct	33
8.7	35	αἰ	PRON	Pr	Case=Nom|Gender=Fem|Number=Plur|PronType=Rel	εἰ	mark	36
8.7	36	χρή	VERB	V-	Mood=Ind|Number=Sing|Person=3|Tense=Pres|VerbForm=Fin|Voice=Act	χρή	ROOT	36
8.7	37	.	PUNCT	Z		.	punct	36
8.8	0	(	PUNCT	Df		(	dep	1
8.8	1	(	PUNCT	Pr		(	ROOT	1
8.8	2	8)	ADV	Df		8)	discourse	1
8.8	3	)	ADV	Z		)	dep	1
8.8	4	καὶ	CCONJ	C-		καί	cc	6
8.8	5	μὲν	ADV	Df		μέν	discourse	6
8.8	6	ἐπίσταται	VERB	V-	Mood=Ind|Number=Sing|Person=3|Tense=Pres|VerbForm=Fin|Voice=Mid	ἐπίσταμαι	conj	1
8.8	7	αὐλέν	VERB	V-	Tense=Pres|VerbForm=Inf|Voice=Act	αὐλέν	xcomp	6
8.8	8	,	PUNCT	Z		,	appos	16
8.8	9	ἀὶ	SCONJ	G-		ἀὶ	mark	10
8.8	10	δυνασεῖται	VERB	V-	Mood=Ind|Number=Sing|Person=3|Tense=Fut|VerbForm=Fin|Voice=Mid	δυνασεῖται	ccomp	6
8.8	11	αὐλέν	VERB	V-	Tense=Pres|VerbForm=Inf|Voice=Act	αὐλέν	xcomp	10
8.8	12	,	PUNCT	Z		,	xcomp	6
8.8	13	αἴ	SCONJ	G-		εἰ	mark	15
8.8	14	κα	ADV	Df		κα	advmod	15
8.8	15	δέηι	VERB	V-	Mood=Sub|Number=Sing|Person=3|Tense=Pres|VerbForm=Fin|Voice=Act	δέηι	advcl	6
8.8	16	τοῦτο	ADJ	Pd	Case=Acc|Gender=Neut|Number=Sing	οὗτος	obj	17
8.8	17	πράσσεν	VERB	V-	Tense=Pres|VerbForm=Inf|Voice=Act	πράσσεν	xcomp	15
8.8	18	.	PUNCT	Z		.	punct	1
8.9	0	(	PUNCT	Df		(	dep	9
8.9	1	(	PUNCT	Pr	Case=Nom|Gender=Masc|Number=Sing	(	case	0
8.9	2	9	ADV	Df		9	dep	0
8.9	3	)	ADV	Z		)	dep	0
8.9	4	)	CCONJ	Z		)	case	0
8.9	5	τὸν	DET	S-	Case=Acc|Definite=Def|Gender=Masc|Number=Sing|PronType=Dem	ὁ	det	9
8.9	6	δὲ	ADV	Df		δέ	discourse	9
8.9	7	δικάζεσθαι	VERB	V-	Tense=Pres|VerbForm=Inf|Voice=Mid	δικάζω	xcomp	8
8.9	8	ἐπιστάμενον	VERB	V-	Case=Acc|Gender=Masc|Number=Sing|Tense=Pres|VerbForm=Part|Voice=Mid	ἐπίσταμαι	nsubj	12
8.9	9	δεῖ	VERB	V-	Mood=Ind|Number=Sing|Person=3|Tense=Pres|VerbForm=Fin|Voice=Act	δεῖ	ROOT	9
8.9	10	τὸ	DET	S-	Case=Acc|Definite=Def|Gender=Neut|Number=Sing|PronType=Dem	ὁ	det	11
8.9	11	δίκαιον	ADJ	A-	Case=Acc|Degree=Pos|Gender=Neut|Number=Sing	δίκαιος	obj	12
8.9	12	ἐπίστασθαι	VERB	V-	Tense=Pres|VerbForm=Inf|Voice=Mid	ἐπίσταμαι	ccomp	9
8.9	13	ὀρθῶς	ADV	Df	Degree=Pos	ὀρθῶς	advmod	12
8.9	14	·	PUNCT	Z		·	punct	9
8.9	15	περὶ	ADP	R-		περί	case	17
8.9	16	γὰρ	ADV	Df		γάρ	discourse	19
8.9	17	τοῦτο	ADJ	Pd	Case=Acc|Gender=Neut|Number=Sing	οὗτος	obl	19
8.9	18	ταὶ	DET	S-	Case=Nom|Definite=Def|Gender=Fem|Number=Plur|PronType=Dem	ὁ	cop	19
8.9	19	δίκαι	ADJ	A-	Case=Nom|Degree=Pos|Gender=Fem|Number=Plur	δίκη	ROOT	19
8.9	20	.	PUNCT	Z		.	punct	19
8.9	21	εἰδὼς	VERB	V-	Aspect=Perf|Case=Nom|Gender=Masc|Number=Sing|Tense=Past|VerbForm=Part|Voice=Act	οἶδα	advcl	24
8.9	22	δὲ	ADV	Df		δέ	discourse	24
8.9	23	τοῦτο	ADJ	Pd	Case=Acc|Gender=Neut|Number=Sing	οὗτος	obj	21
8.9	24	εἰδήσει	VERB	V-	Mood=Ind|Number=Sing|Person=3|Tense=Fut|VerbForm=Fin|Voice=Act	εἰδέω	ROOT	24
8.9	25	καὶ	CCONJ	C-		καί	cc	27
8.9	26	τὸ	DET	S-	Case=Acc|Definite=Def|Gender=Neut|Number=Sing|PronType=Dem	ὁ	det	27
8.9	27	ὑπεναντίον	ADJ	A-	Case=Acc|Degree=Pos|Gender=Neut|Number=Sing	ὑπεναντίος	obj	24
8.9	28	αὐτῶι	PRON	Pp	Case=Dat|Gender=Masc|Number=Sing|Person=3|PronType=Prs	αὐτῶι	iobj	27
8.9	29	και	CCONJ	C-		και	cc	27
8.9	30	τὰ	DET	S-	Case=Acc|Definite=Def|Gender=Neut|Number=Plur|PronType=Dem	ὁ	det	32
8.9	31	〈	ADP	R-		〈	case	32
8.9	32	τούτων	ADJ	Pd	Case=Gen|Gender=Neut|Number=Plur	οὗτος	conj	27
8.9	33	〉	ADV	V-		〉	parataxis	24
8.9	34	ἅτερα	ADJ	A-	Case=Acc|Degree=Pos|Gender=Neut|Number=Plur	ἅτερος	xcomp	24
8.9	35	.	PUNCT	Z		.	punct	24
8.10	0	(	PUNCT	Df		(	case	1
8.10	1	(	PUNCT	Df		(	dep	5
8.10	2	10	ADV	Df		10	discourse	1
8.10	3	)	ADV	Z		)	dep	1
8.10	4	)	CCONJ	Z		)	cc	5
8.10	5	δεῖ	VERB	V-	Mood=Ind|Number=Sing|Person=3|Tense=Pres|VerbForm=Fin|Voice=Act	δεῖ	ROOT	5
8.10	6	δὲ	ADV	Df		δέ	discourse	5
8.10	7	αὐτὸν	PRON	Pp	Case=Acc|Gender=Masc|Number=Sing|Person=3|PronType=Prs	αὐτός	nsubj	11
8.10	8	καὶ	ADV	Df		καί	advmod	10
8.10	9	τὼς	ADV	Df		τώς	det	10
8.10	10	νόμως	NOUN	Nb	Case=Acc|Gender=Masc|Number=Plur	νόμως	obl	11
8.10	11	ἐπίστασθαι	VERB	V-	Tense=Pres|VerbForm=Inf|Voice=Mid	ἐπίσταμαι	ccomp	5
8.10	12	πάντας	ADJ	Px	Case=Acc|Gender=Masc|Number=Plur	πᾶς	obj	11
8.10	13	·	PUNCT	Z		·	punct	5
8.10	14	αἰ	SCONJ	G-		εἰ	mark	19
8.10	15	τοίνυν	ADV	Df		τοίνυν	discourse	19
8.10	16	τὰ	DET	S-	Case=Nom|Definite=Def|Gender=Neut|Number=Plur|PronType=Dem	ὁ	det	17
8.10	17	πράγματα	NOUN	Nb	Case=Nom|Gender=Neut|Number=Plur	πρᾶγμα	nsubj	19
8.10	18	μὴ	ADV	Df	Polarity=Neg	μή	advmod	19
8.10	19	ἐπιστασεῖται	VERB	V-	Aspect=Perf|Mood=Sub|Number=Sing|Person=3|Tense=Past|VerbForm=Fin|Voice=Mid	ἐπιστασεῖται	advcl	20
8.10	20	,	PUNCT	Z		,	ROOT	20
8.10	21	οὐδὲ	CCONJ	C-		οὐδέ	cc	23
8.10	22	τὼς	ADV	Df		τώς	det	23
8.10	23	νόμως	NOUN	Nb	Case=Acc|Gender=Masc|Number=Plur	νόμως	obl	20
8.10	24	.	PUNCT	Z		.	punct	20
8.11	0	(	PUNCT	R-		(	case	1
8.11	1	(	PUNCT	Pp		(	dep	11
8.11	2	11	ADV	Df		11	dep	1
8.11	3	)	ADV	Z		)	cc	1
8.11	4	)	CCONJ	Z		)	dep	1
8.11	5	τὸν	DET	S-	Case=Acc|Definite=Def|Gender=Masc|Number=Sing|PronType=Dem	ὁ	det	9
8.11	6	γὰρ	ADV	Df		γάρ	discourse	11
8.11	7	ἐν	ADP	R-		ἐν	case	8
8.11	8	μωσικᾶι	PROPN	Ne	Case=Dat|Gender=Fem|Number=Plur	μωσικᾶ	nmod	9
8.11	9	νόμον	NOUN	Nb	Case=Acc|Gender=Masc|Number=Sing	νόμος	obj	11
8.11	10	ὡυτὸς	PROPN	Px	Case=Nom|Gender=Masc|Number=Sing	αὐτός	nsubj	11
8.11	11	ἐπίσταται	VERB	V-	Mood=Ind|Number=Sing|Person=3|Tense=Pres|VerbForm=Fin|Voice=Mid	ἐπίσταμαι	ROOT	11
8.11	12	,	PUNCT	Z		,	appos	10
8.11	13	ὅσπερ	PRON	Pr	Case=Nom|Gender=Masc|Number=Sing|PronType=Rel	ὅς	nsubj	15
8.11	14	καὶ	ADV	Df		καί	advmod	15
8.11	15	μωσικάν	VERB	V-	Tense=Pres|VerbForm=Inf|Voice=Act	μωσικάν	acl	12
8.11	16	,	PUNCT	Z		,	punct	11
8.11	17	ὃς	PRON	Pr	Case=Nom|Gender=Masc|Number=Sing|PronType=Rel	ὅς	dep	20
8.11	18	δὲ	ADV	Df		δέ	discourse	20
8.11	19	μὴ	ADV	Df	Polarity=Neg	μή	advmod	20
8.11	20	μωσικάν	VERB	V-	Tense=Pres|VerbForm=Inf|Voice=Act	μωσικάν	dep	11
8.11	21	,	PUNCT	Z		,	amod	10
8.11	22	οὐδὲ	CCONJ	C-		οὐδέ	advmod	24
8.11	23	τὸν	DET	S-	Case=Acc|Definite=Def|Gender=Masc|Number=Sing|PronType=Dem	ὁ	det	24
8.11	24	νόμον	NOUN	Nb	Case=Acc|Gender=Masc|Number=Sing	νόμος	conj	11
8.11	25	.	PUNCT	Z		.	punct	11
8.12	0	(	PUNCT	R-		(	dep	1
8.12	1	(	PUNCT	Pp		(	nsubj	2
8.12	2	12	ADV	Df		12	ROOT	2
8.12	3	)	SCONJ	Z		)	discourse	2
8.12	4	)	ADV	Z		)	discourse	2
8.12	5	ὅς	PRON	Pr	Case=Nom|Gender=Masc|Number=Sing|PronType=Rel	ὅς	nsubj	14
8.12	6	γα	ADV	Df		γε	discourse	14
8.12	7	〈	ADV	Df		〈	advmod	14
8.12	8	μὰν	ADV	Df		μήν	discourse	14
8.12	9	〉	ADV	Df		〉	advmod	14
8.12	10	τὰν	DET	S-	Case=Acc|Definite=Def|Gender=Fem|Number=Sing|PronType=Dem	ὅς	det	11
8.12	11	ἀλάθειαν	NOUN	Nb	Case=Acc|Gender=Fem|Number=Sing	ἀλήθεια	obj	14
8.12	12	τῶν	DET	S-	Case=Gen|Definite=Def|Number=Plur|PronType=Dem	ὁ	det	13
8.12	13	πραγμάτων	NOUN	Nb	Case=Gen|Gender=Neut|Number=Plur	πρᾶγμα	nmod	11
8.12	14	ἐπίσταται	VERB	V-	Mood=Ind|Number=Sing|Person=3|Tense=Pres|VerbForm=Fin|Voice=Mid	ἐπίσταμαι	acl	2
8.12	15	,	PUNCT	Z		,	punct	2
8.12	16	εὐπετὴς	ADJ	A-	Case=Nom|Degree=Pos|Gender=Masc|Number=Sing	εὐπετής	ROOT	16
8.12	17	ὁ	DET	S-	Case=Nom|Definite=Def|Gender=Masc|Number=Sing|PronType=Dem	ὁ	det	18
8.12	18	λόγος	NOUN	Nb	Case=Nom|Gender=Masc|Number=Sing	λόγος	nsubj	16
8.12	19	,	PUNCT	Z		,	obl	16
8.12	20	ὅτι	SCONJ	G-		ὅτι	mark	22
8.12	21	πάντα	ADJ	Px	Case=Acc|Gender=Neut|Number=Plur	πᾶς	obj	22
8.12	22	ἐπίσταται	VERB	V-	Mood=Ind|Number=Sing|Person=3|Tense=Pres|VerbForm=Fin|Voice=Mid	ἐπίσταμαι	ROOT	22
8.12	23	·	PUNCT	Z		·	punct	22
8.13	0	(	PUNCT	R-		(	case	1
8.13	1	(	PUNCT	Pp		(	xcomp	14
8.13	2	13	ADV	Df		13	discourse	1
8.13	3	)	ADV	Z		)	dep	1
8.13	4	)	ADV	Z		)	discourse	1
8.13	5	ὣς	SCONJ	G-		ὡς	advmod	14
8.13	6	δὲ	ADV	Df		δέ	discourse	14
8.13	7	〈	ADV	Df		〈	advmod	14
8.13	8	καὶ	ADV	Df		καί	advmod	11
8.13	9	κατὰ	ADP	R-		κατά	case	11
8.13	10	〉	DET	S-	Case=Acc|Definite=Def|Gender=Neut|Number=Sing|PronType=Dem	〉	det	11
8.13	11	βραχὺ	ADJ	A-	Case=Acc|Degree=Pos|Gender=Neut|Number=Sing	βραχύς	advmod	14
8.13	12	〈	ADV	Df		〈	xcomp	14
8.13	13	διαλέγεσθαι	VERB	V-	Tense=Pres|VerbForm=Inf|Voice=Mid	διαλέγω	xcomp	14
8.13	14	δύναται	VERB	V-	Mood=Ind|Number=Sing|Person=3|Tense=Pres|VerbForm=Fin|Voice=Mid	δύναμαι	ROOT	14
8.13	15	,	PUNCT	Z		,	punct	14
8.13	16	αἴ	SCONJ	G-		εἰ	mark	19
8.13	17	κα	ADV	Df		κα	advmod	19
8.13	18	〉	ADV	Df		〉	advmod	19
8.13	19	δέηι	VERB	V-	Mood=Sub|Number=Sing|Person=3|Tense=Pres|VerbForm=Fin|Voice=Act	δέηι	advcl	23
8.13	20	νιν	PRON	Pp	Case=Acc|Gender=Fem|Number=Sing|Person=3|PronType=Prs	νιν	nsubj	22
8.13	21	ἐρωτώμενον	VERB	V-	Case=Acc|Gender=Masc|Number=Sing|Tense=Pres|VerbForm=Part|Voice=Mid	ἐρωτάω	advcl	22
8.13	22	ἀποκρίνεσθαι	VERB	V-	Tense=Pres|VerbForm=Inf|Voice=Mid	ἀποκρίνω	ccomp	19
8.13	23	,	PUNCT	Z		,	ROOT	23
8.13	24	περὶ	ADP	R-		περί	case	25
8.13	25	πάντων	ADJ	Px	Case=Gen|Gender=Neut|Number=Plur	πᾶς	ROOT	25
8.13	26	·	PUNCT	Z		·	ROOT	26
8.13	27	οὐκῶν	ADV	Df		οὐκοῦν	advmod	28
8.13	28	δεῖ	VERB	V-	Mood=Ind|Number=Sing|Person=3|Tense=Pres|VerbForm=Fin|Voice=Act	δεῖ	ROOT	28
8.13	29	νιν	PRON	Pp	Case=Acc|Gender=Fem|Number=Sing|Person=3|PronType=Prs	νιν	nsubj	32
8.13	30	πάντ	ADJ	Px	Case=Acc|Gender=Neut|Number=Plur	πάντ	obj	32
8.13	31	’	INTJ	Ne		’	nsubj	32
8.13	32	ἐπίστασθαι	VERB	V-	Aspect=Perf|Tense=Past|VerbForm=Inf|Voice=Mid	ἐπίσταμαι	ccomp	28
8.13	33	.	PUNCT	Z		.	punct	28
9.1	0	(	PUNCT	Df		(	dep	1
9.1	1	(	PUNCT	Df		(	cc	10
9.1	2	1	ADV	Df		1	discourse	10
9.1	3	)	ADV	Z		)	dep	10
9.1	4	)	ADV	Z		)	cc	10
9.1	5	μέγιστον	ADJ	A-	Case=Nom|Degree=Sup|Gender=Neut|Number=Sing	μέγας	dep	10
9.1	6	δὲ	ADV	Df		δέ	discourse	10
9.1	7	καὶ	CCONJ	C-		καί	dep	10
9.1	8	κάλλιστον	ADJ	A-	Case=Nom|Degree=Sup|Gender=Neut|Number=Sing	καλός	dep	10
9.1	9	ἐξεύρημα	NOUN	Nb	Case=Nom|Gender=Neut|Number=Sing	ἐξεύρημα	nsubj:pass	10
9.1	10	εὕρηται	VERB	V-	Aspect=Perf|Mood=Ind|Number=Sing|Person=3|Tense=Past|VerbForm=Fin|Voice=Pass	εὑρίσκω	ROOT	10
9.1	11	μνάμα	ADJ	A-	Case=Nom|Degree=Pos|Gender=Neut|Number=Sing	μνάμα	xcomp	10
9.1	12	καὶ	CCONJ	C-		καί	cc	11
9.1	13	ἐς	ADP	R-		εἰς	case	14
9.1	14	πάντα	ADJ	Px	Case=Acc|Gender=Neut|Number=Plur	πᾶς	obl	15
9.1	15	χρήσιμον	ADJ	A-	Case=Acc|Degree=Pos|Gender=Neut|Number=Sing	χρήσιμος	conj	11
9.1	16	,	PUNCT	Z		,	dep	10
9.1	17	ἐς	ADP	R-		εἰς	case	19
9.1	18	τὰν	DET	S-	Case=Acc|Definite=Def|Gender=Fem|Number=Sing|PronType=Dem	ὅς	det	19
9.1	19	σοφίαν	NOUN	Nb	Case=Acc|Gender=Fem|Number=Sing	σοφία	obl	16
9.1	20	τε	CCONJ	C-		τε	cc	19
9.1	21	καὶ	CCONJ	C-		καί	cc	19
9.1	22	ἐς	ADP	R-		εἰς	case	24
9.1	23	τὸν	DET	S-	Case=Acc|Definite=Def|Gender=Masc|Number=Sing|PronType=Dem	ὁ	det	24
9.1	24	βίον	NOUN	Nb	Case=Acc|Gender=Masc|Number=Sing	βίος	conj	19
9.1	25	.	PUNCT	Z		.	ROOT	25
9.2	0	(	PUNCT	R-		(	ROOT	0
9.2	1	(	PUNCT	Df		(	ROOT	1
9.2	2	2	ADV	Df		2	nsubj	9
9.2	3	)	ADV	Z		)	discourse	2
9.2	4	)	SCONJ	Z		)	dislocated	2
9.2	5	ἔστι	AUX	V-	Mood=Ind|Number=Sing|Person=3|Tense=Pres|VerbForm=Fin|Voice=Act	εἰμί	cop	9
9.2	6	δὲ	ADV	Df		δέ	discourse	9
9.2	7	τοῦτο	ADJ	Pd	Case=Nom|Gender=Neut|Number=Sing	οὗτος	nsubj	9
9.2	8	〈	ADV	Df		〈	cop	9
9.2	9	πρᾶτον	ADJ	Mo	Case=Nom|Gender=Neut|Number=Sing	πρᾶτος	ROOT	9
9.2	10	〉	ADJ	Nb	Case=Nom|Degree=Pos|Gender=Neut|Number=Sing	〉	xcomp	9
9.2	11	·	PUNCT	Z		·	punct	9
9.2	12	ἐὰν	SCONJ	G-		ἐάν	mark	13
9.2	13	προσέχηις	VERB	V-	Mood=Sub|Number=Sing|Person=2|Tense=Pres|VerbForm=Fin|Voice=Act	προσέχηις	advcl	16
9.2	14	τὸν	DET	S-	Case=Acc|Definite=Def|Gender=Masc|Number=Sing|PronType=Dem	ὁ	det	15
9.2	15	νοῦν	NOUN	Nb	Case=Acc|Gender=Masc|Number=Sing	νόος	obj	13
9.2	16	,	PUNCT	Z	Case=Nom|Definite=Def|Gender=Neut|Number=Sing|PronType=Dem	,	ROOT	16
9.2	17	〈	CCONJ	Df		〈	advmod	26
9.2	18	τὰ	DET	S-	Case=Nom|Definite=Def|Gender=Neut|Number=Plur|PronType=Dem	ὁ	det	22
9.2	19	〉	ADV	Df		〉	dep	22
9.2	20	διὰ	ADP	R-		διά	case	21
9.2	21	τούτω	ADJ	Pd	Case=Dat|Gender=Masc|Number=Sing	οὗτος	obl	22
9.2	22	παρελθόντα	VERB	V-	Aspect=Perf|Case=Nom|Gender=Neut|Number=Plur|Tense=Past|VerbForm=Part|Voice=Act	παρέρχομαι	nsubj:pass	26
9.2	23	ἁ	DET	S-	Case=Nom|Definite=Def|Gender=Neut|Number=Plur|PronType=Dem	ὁ	det	24
9.2	24	γνώμα	NOUN	Nb	Case=Nom|Gender=Neut|Number=Plur	γνῶμα	nsubj	26
9.2	25	μᾶλλον	ADV	Df	Degree=Cmp	μᾶλλον	advmod	26
9.2	26	αἰσθησεῖται	VERB	V-	Aspect=Perf|Mood=Sub|Number=Sing|Person=3|Tense=Past|VerbForm=Fin|Voice=Mid	αἰσθησεῖται	conj	16
9.2	27	.	PUNCT	Z		.	punct	26
9.3	0	(	PUNCT	R-		(	ROOT	0
9.3	1	(	PUNCT	Pk	Case=Gen|Gender=Masc|Number=Sing	(	ROOT	1
9.3	2	3	ADV	Df		3	discourse	1
9.3	3	)	ADV	Z		)	dep	1
9.3	4	)	ADV	Z		)	discourse	1
9.3	5	δεύτερον	ADJ	Mo	Case=Acc|Gender=Neut|Number=Sing	δεύτερος	advmod	7
9.3	6	δὲ	ADV	Df		δέ	discourse	7
9.3	7	μελετᾶν	VERB	V-	Tense=Pres|VerbForm=Inf|Voice=Act	μελετάω	conj	1
9.3	8	,	PUNCT	Z		,	xcomp	7
9.3	9	ἃ	PRON	Pr	Case=Acc|Gender=Neut|Number=Plur|PronType=Rel	ὅς	obj	11
9.3	10	κα	ADV	Df		κα	advmod	11
9.3	11	ἀκούσηις	VERB	V-	Aspect=Perf|Mood=Sub|Number=Sing|Person=2|Tense=Past|VerbForm=Fin|Voice=Act	ἀκούσηις	obj	8
9.3	12	·	PUNCT	Z		·	ROOT	12
9.3	13	τῶι	DET	S-	Case=Dat|Definite=Def|Gender=Neut|Number=Sing|PronType=Dem	τῷ	det	17
9.3	14	γὰρ	ADV	Df		γάρ	discourse	22
9.3	15	πολλάκις	ADV	Df		πολλάκις	advmod	17
9.3	16	ταὐτὰ	ADJ	Pd	Case=Acc|Gender=Neut|Number=Plur	αὐτός	obj	17
9.3	17	ἀκοῦσαι	VERB	V-	Aspect=Perf|Tense=Past|VerbForm=Inf|Voice=Act	ἀκούω	iobj	22
9.3	18	καὶ	CCONJ	C-		καί	cc	17
9.3	19	εἶπαι	VERB	V-	Aspect=Perf|Tense=Past|VerbForm=Inf|Voice=Act	λέγω	conj	17
9.3	20	ἐς	ADP	R-		εἰς	case	21
9.3	21	μνάμαν	PROPN	Ne	Case=Acc|Gender=Fem|Number=Sing	μνάμαν	obl	22
9.3	22	παρεγένετο	VERB	V-	Aspect=Perf|Mood=Ind|Number=Sing|Person=3|Tense=Past|VerbForm=Fin|Voice=Mid	παραγίγνομαι	ROOT	22
9.3	23	σύνολον	ADJ	A-	Case=Acc|Degree=Pos|Gender=Neut|Number=Sing	σύνολος	advmod	22
9.3	24	ὃ	PRON	Pr	Case=Acc|Gender=Neut|Number=Sing|PronType=Rel	ὁ	obj	25
9.3	25	ἕμαθες	VERB	V-	Aspect=Perf|Mood=Ind|Number=Sing|Person=2|Tense=Past|VerbForm=Fin|Voice=Act	ἕμαθες	obj	22
9.3	26	.	PUNCT	Z		.	punct	22
9.4	0	(	PUNCT	C-		(	dep	1
9.4	1	(	PUNCT	C-		(	ROOT	1
9.4	2	4	ADV	Df		4	parataxis	1
9.4	3	)	ADV	Z		)	cc	1
9.4	4	)	ADV	Z		)	discourse	1
9.4	5	τρίτον	ADJ	Mo	Case=Acc|Gender=Neut|Number=Sing	τρίτος	advmod	8
9.4	6	ἅ	PRON	Pr	Case=Acc|Gender=Neut|Number=Plur|PronType=Rel	ὅς	obj	8
9.4	7	κα	ADV	Df		κα	advmod	8
9.4	8	ἀκούσηις	VERB	V-	Aspect=Perf|Mood=Sub|Number=Sing|Person=2|Tense=Past|VerbForm=Fin|Voice=Act	ἀκούσηις	obj	12
9.4	9	ἐπὶ	ADP	R-		ἐπί	case	11
9.4	10	τὰ	PRON	Pr	Case=Acc|Gender=Neut|Number=Plur|PronType=Rel	ὁ	obj	11
9.4	11	οἶδας	VERB	V-	Aspect=Perf|Mood=Ind|Number=Sing|Person=2|Tense=Past|VerbForm=Fin|Voice=Act	οἶδα	obl	12
9.4	12	καταθέσθαι	VERB	V-	Aspect=Perf|Tense=Past|VerbForm=Inf|Voice=Mid	κατατίθημι	xcomp	1
9.4	13	,	PUNCT	Z		,	parataxis	1
9.4	14	οἷον	PRON	Pr	Case=Acc|Gender=Neut|Number=Sing|PronType=Rel	οἷος	dislocated	1
9.4	15	τόδε	ADJ	Pd	Case=Nom|Gender=Neut|Number=Sing	ὅδε	nsubj	14
9.4	16	·	PUNCT	Z		·	punct	1
9.4	17	δεῖ	VERB	V-	Mood=Ind|Number=Sing|Person=3|Tense=Pres|VerbForm=Fin|Voice=Act	δεῖ	ROOT	17
9.4	18	μεμνᾶσθαι	VERB	V-	Aspect=Perf|Tense=Past|VerbForm=Inf|Voice=Mid	μιμνήσκω	ccomp	17
9.4	19	Χρύσιππον	PROPN	Ne	Case=Acc|Gender=Masc|Number=Sing	Χρύσιππος	nsubj	18
9.4	20	,	PUNCT	Z		,	punct	17
9.4	21	κατθέμεν	VERB	V-	Mood=Ind|Number=Plur|Person=1|Tense=Pres|VerbForm=Fin|Voice=Act	κατατίθημι	ROOT	21
9.4	22	ἐπὶ	ADP	R-		ἐπί	case	24
9.4	23	τὸν	DET	S-	Case=Acc|Definite=Def|Gender=Masc|Number=Sing|PronType=Dem	ὁ	det	24
9.4	24	χρυσὸν	NOUN	Nb	Case=Acc|Gender=Masc|Number=Sing	χρυσός	obl	21
9.4	25	καὶ	CCONJ	C-		καί	cc	24
9.4	26	τὸν	DET	S-	Case=Acc|Definite=Def|Gender=Masc|Number=Sing|PronType=Dem	ὁ	det	27
9.4	27	ἵππον	NOUN	Nb	Case=Acc|Gender=Masc|Number=Sing	ἵππος	conj	24
9.4	28	,	PUNCT	Z		,	punct	21
9.5	0	(	PUNCT	Df		(	dep	2
9.5	1	(	PUNCT	Df		(	dep	0
9.5	2	5	ADV	Df		5	ROOT	2
9.5	3	)	ADV	Z		)	discourse	2
9.5	4	)	ADV	Z		)	dislocated	2
9.5	5	ἄλλο	ADJ	Px	Case=Acc|Gender=Neut|Number=Sing	ἄλλος	nsubj	2
9.5	6	·	PUNCT	Z		·	punct	2
9.5	7	Πυριυλάμπη	NOUN	Nb	Case=Acc|Gender=Neut|Number=Plur	Πυριυλάμπη	obj	8
9.5	8	κατθέμεν	VERB	V-	Mood=Ind|Number=Plur|Person=1|Tense=Pres|VerbForm=Fin|Voice=Act	κατατίθημι	ROOT	8
9.5	9	ἐπὶ	ADP	R-		ἐπί	case	10
9.5	10	〈	ADP	Pp		〈	obl	8
9.5	11	τὸ	DET	S-	Case=Acc|Definite=Def|Gender=Neut|Number=Sing|PronType=Dem	ὁ	det	13
9.5	12	〉	ADJ	A-	Case=Acc|Degree=Pos|Gender=Neut|Number=Sing	〉	amod	13
9.5	13	πῦρ	NOUN	Nb	Case=Acc|Gender=Neut|Number=Sing	πῦρ	obj	8
9.5	14	καὶ	CCONJ	C-		καί	cc	13
9.5	15	τὸ	DET	S-	Case=Acc|Definite=Def|Gender=Neut|Number=Sing|PronType=Dem	ὁ	det	16
9.5	16	λάμπειν	VERB	V-	Tense=Pres|VerbForm=Inf|Voice=Act	λάμπω	conj	13
9.5	17	.	PUNCT	Z		.	punct	8
9.5	18	τάδε	ADJ	Pd	Case=Nom|Gender=Neut|Number=Plur	ὅδε	ROOT	18
9.5	19	μὲν	ADV	Df		μέν	discourse	18
9.5	20	περὶ	ADP	R-		περί	case	22
9.5	21	τῶν	DET	S-	Case=Gen|Definite=Def|Number=Plur|PronType=Dem	ὁ	det	22
9.5	22	ὀνυμάτων	NOUN	Nb	Case=Gen|Gender=Neut|Number=Plur	ὀνυμάτων	obl	18
9.5	23	·	PUNCT	Z		·	punct	18
9.6	0	(	PUNCT	Pp		(	ROOT	0
9.6	1	(	PUNCT	Pp		(	dep	0
9.6	2	6	ADV	Df		6	ROOT	2
9.6	3	)	CCONJ	Z		)	advmod	2
9.6	4	)	CCONJ	Z		)	dep	2
9.6	5	τὰ	DET	S-	Case=Nom|Definite=Def|Gender=Neut|Number=Plur|PronType=Dem	ὁ	det	7
9.6	6	δὲ	ADV	Df		δέ	discourse	8
9.6	7	πράγματα	NOUN	Nb	Case=Nom|Gender=Neut|Number=Plur	πρᾶγμα	nsubj	8
9.6	8	οὕτως	ADV	Df		οὕτως	advmod	2
9.6	9	·	PUNCT	Z		·	ROOT	9
9.6	10	περὶ	ADP	R-		περί	case	11
9.6	11	ἀνδρείας	NOUN	Nb	Case=Gen|Gender=Fem|Number=Sing	ἀνδρεία	ROOT	11
9.6	12	ἐπὶ	ADP	R-		ἐπί	case	14
9.6	13	τὸν	DET	S-	Case=Acc|Definite=Def|Gender=Masc|Number=Sing|PronType=Dem	ὁ	det	14
9.6	14	Ἄρη	PROPN	Ne	Case=Acc|Gender=Masc|Number=Sing	Ἄρης	obl	11
9.6	15	καὶ	CCONJ	C-		καί	cc	14
9.6	16	τὸν	DET	S-	Case=Acc|Definite=Def|Gender=Masc|Number=Sing|PronType=Dem	ὁ	det	17
9.6	17	Ἀχιλλῆα	PROPN	Ne	Case=Acc|Gender=Masc|Number=Sing	Ἀχιλλεύς	conj	14
9.6	18	,	PUNCT	Z		,	cc	11
9.6	19	περὶ	ADP	R-		περί	case	20
9.6	20	χαλκείας	NOUN	Nb	Case=Acc|Gender=Masc|Number=Plur	χάλκεος	conj	11
9.6	21	δὲ	ADV	Df		δέ	discourse	20
9.6	22	ἐπὶ	ADP	R-		ἐπί	case	24
9.6	23	τὸν	DET	S-	Case=Acc|Definite=Def|Gender=Masc|Number=Sing|PronType=Dem	ὁ	det	24
9.6	24	Ἥφαιστον	PROPN	Ne	Case=Acc|Gender=Masc|Number=Sing	Ἥφαιστος	orphan	20
9.6	25	,	PUNCT	Z		,	punct	11
9.6	26	περὶ	ADP	R-		περί	case	27
9.6	27	δειλίας	NOUN	Nb	Case=Gen|Gender=Fem|Number=Sing	δειλία	conj	11
9.6	28	ἐπὶ	ADP	R-		ἐπί	case	30
9.6	29	τὸν	DET	S-	Case=Acc|Definite=Def|Gender=Masc|Number=Sing|PronType=Dem	ὁ	det	30
9.6	30	Ἐπειόν	PROPN	Ne	Case=Acc|Gender=Masc|Number=Sing	Ἐπειός	orphan	27
9.6	31	.	PUNCT	Z		.	punct	27
9.6	32	.	PUNCT	Z		.	punct	11
9.6	33	.	PUNCT	Z		.	punct	11
